{
 "cells": [
  {
   "cell_type": "markdown",
   "metadata": {},
   "source": [
    "# Timeseries-Analysis on Cryptocurrenca\n",
    "## load Data"
   ]
  },
  {
   "cell_type": "code",
   "execution_count": 1,
   "metadata": {},
   "outputs": [
    {
     "data": {
      "text/html": [
       "        <script type=\"text/javascript\">\n",
       "        window.PlotlyConfig = {MathJaxConfig: 'local'};\n",
       "        if (window.MathJax) {MathJax.Hub.Config({SVG: {font: \"STIX-Web\"}});}\n",
       "        if (typeof require !== 'undefined') {\n",
       "        require.undef(\"plotly\");\n",
       "        requirejs.config({\n",
       "            paths: {\n",
       "                'plotly': ['https://cdn.plot.ly/plotly-latest.min']\n",
       "            }\n",
       "        });\n",
       "        require(['plotly'], function(Plotly) {\n",
       "            window._Plotly = Plotly;\n",
       "        });\n",
       "        }\n",
       "        </script>\n",
       "        "
      ]
     },
     "metadata": {},
     "output_type": "display_data"
    }
   ],
   "source": [
    "import os\n",
    "import numpy as np\n",
    "import pandas as pd\n",
    "import pickle\n",
    "import quandl\n",
    "from datetime import datetime, timedelta, date\n",
    "import plotly.offline as py\n",
    "import plotly.graph_objs as go\n",
    "import plotly.figure_factory as ff\n",
    "import matplotlib.pyplot as plt\n",
    "\n",
    "py.init_notebook_mode(connected=True)"
   ]
  },
  {
   "cell_type": "code",
   "execution_count": 2,
   "metadata": {},
   "outputs": [
    {
     "name": "stdout",
     "output_type": "stream",
     "text": [
      "2016-07-25 00:00:00\n",
      "2016-07-26 00:00:00\n",
      "2016-07-27 00:00:00\n",
      "2016-07-28 00:00:00\n",
      "2016-07-29 00:00:00\n",
      "2016-07-30 00:00:00\n",
      "2016-07-31 00:00:00\n",
      "2016-08-01 00:00:00\n",
      "2016-08-02 00:00:00\n",
      "2016-08-03 00:00:00\n"
     ]
    },
    {
     "data": {
      "text/plain": [
       "DatetimeIndex(['2016-07-25', '2016-07-26', '2016-07-27', '2016-07-28',\n",
       "               '2016-07-29', '2016-07-30', '2016-07-31', '2016-08-01',\n",
       "               '2016-08-02', '2016-08-03'],\n",
       "              dtype='datetime64[ns]', name='Date', freq=None)"
      ]
     },
     "execution_count": 2,
     "metadata": {},
     "output_type": "execute_result"
    }
   ],
   "source": [
    "data_full = pd.read_csv('data_full.csv')\n",
    "#data_full['Date'] = pd.to_datetime(data_full['Date'])\n",
    "data_full['Date'] = [pd.to_datetime(str(x) + ' 00:00:00',format = '%Y-%m-%d %H:%M:%S') for x in data_full['Date']] \n",
    "for x in data_full['Date'][:10]:\n",
    "    print(str(x))\n",
    "data_full = data_full.set_index('Date')\n",
    "data_full.index = pd.to_datetime(data_full.index,format = '%Y-%m-%d %H:%M:%S')\n",
    "data_full.index[:10]"
   ]
  },
  {
   "cell_type": "code",
   "execution_count": null,
   "metadata": {},
   "outputs": [],
   "source": []
  },
  {
   "cell_type": "code",
   "execution_count": 3,
   "metadata": {},
   "outputs": [
    {
     "data": {
      "text/html": [
       "<div>\n",
       "<style scoped>\n",
       "    .dataframe tbody tr th:only-of-type {\n",
       "        vertical-align: middle;\n",
       "    }\n",
       "\n",
       "    .dataframe tbody tr th {\n",
       "        vertical-align: top;\n",
       "    }\n",
       "\n",
       "    .dataframe thead th {\n",
       "        text-align: right;\n",
       "    }\n",
       "</style>\n",
       "<table border=\"1\" class=\"dataframe\">\n",
       "  <thead>\n",
       "    <tr style=\"text-align: right;\">\n",
       "      <th></th>\n",
       "      <th>Gold</th>\n",
       "      <th>Silver</th>\n",
       "      <th>Yuan</th>\n",
       "      <th>ETH</th>\n",
       "      <th>LTC</th>\n",
       "      <th>XRP</th>\n",
       "      <th>ETC</th>\n",
       "      <th>STR</th>\n",
       "      <th>DASH</th>\n",
       "      <th>SC</th>\n",
       "      <th>XMR</th>\n",
       "      <th>XEM</th>\n",
       "      <th>BTC</th>\n",
       "    </tr>\n",
       "  </thead>\n",
       "  <tbody>\n",
       "    <tr>\n",
       "      <td>Gold</td>\n",
       "      <td>1.000000</td>\n",
       "      <td>0.816994</td>\n",
       "      <td>-0.400680</td>\n",
       "      <td>0.061153</td>\n",
       "      <td>0.021064</td>\n",
       "      <td>0.092328</td>\n",
       "      <td>0.091568</td>\n",
       "      <td>-0.006155</td>\n",
       "      <td>-0.081376</td>\n",
       "      <td>0.145112</td>\n",
       "      <td>-0.063484</td>\n",
       "      <td>-0.062300</td>\n",
       "      <td>-0.006501</td>\n",
       "    </tr>\n",
       "    <tr>\n",
       "      <td>Silver</td>\n",
       "      <td>0.816994</td>\n",
       "      <td>1.000000</td>\n",
       "      <td>-0.335391</td>\n",
       "      <td>0.053671</td>\n",
       "      <td>-0.007755</td>\n",
       "      <td>0.045048</td>\n",
       "      <td>0.094895</td>\n",
       "      <td>-0.078182</td>\n",
       "      <td>-0.114014</td>\n",
       "      <td>0.088913</td>\n",
       "      <td>-0.037266</td>\n",
       "      <td>0.015487</td>\n",
       "      <td>0.015669</td>\n",
       "    </tr>\n",
       "    <tr>\n",
       "      <td>Yuan</td>\n",
       "      <td>-0.400680</td>\n",
       "      <td>-0.335391</td>\n",
       "      <td>1.000000</td>\n",
       "      <td>0.013123</td>\n",
       "      <td>0.031666</td>\n",
       "      <td>-0.092114</td>\n",
       "      <td>-0.072479</td>\n",
       "      <td>-0.115053</td>\n",
       "      <td>0.072406</td>\n",
       "      <td>-0.159571</td>\n",
       "      <td>0.111012</td>\n",
       "      <td>0.119244</td>\n",
       "      <td>0.041655</td>\n",
       "    </tr>\n",
       "    <tr>\n",
       "      <td>ETH</td>\n",
       "      <td>0.061153</td>\n",
       "      <td>0.053671</td>\n",
       "      <td>0.013123</td>\n",
       "      <td>1.000000</td>\n",
       "      <td>0.345344</td>\n",
       "      <td>0.440755</td>\n",
       "      <td>-0.182917</td>\n",
       "      <td>0.111281</td>\n",
       "      <td>0.173641</td>\n",
       "      <td>0.263811</td>\n",
       "      <td>0.219352</td>\n",
       "      <td>0.340521</td>\n",
       "      <td>0.364203</td>\n",
       "    </tr>\n",
       "    <tr>\n",
       "      <td>LTC</td>\n",
       "      <td>0.021064</td>\n",
       "      <td>-0.007755</td>\n",
       "      <td>0.031666</td>\n",
       "      <td>0.345344</td>\n",
       "      <td>1.000000</td>\n",
       "      <td>0.175509</td>\n",
       "      <td>-0.163691</td>\n",
       "      <td>0.070436</td>\n",
       "      <td>0.035801</td>\n",
       "      <td>-0.011061</td>\n",
       "      <td>0.307626</td>\n",
       "      <td>0.133253</td>\n",
       "      <td>0.681718</td>\n",
       "    </tr>\n",
       "    <tr>\n",
       "      <td>XRP</td>\n",
       "      <td>0.092328</td>\n",
       "      <td>0.045048</td>\n",
       "      <td>-0.092114</td>\n",
       "      <td>0.440755</td>\n",
       "      <td>0.175509</td>\n",
       "      <td>1.000000</td>\n",
       "      <td>-0.160552</td>\n",
       "      <td>0.384092</td>\n",
       "      <td>0.069388</td>\n",
       "      <td>0.156195</td>\n",
       "      <td>0.045570</td>\n",
       "      <td>0.145537</td>\n",
       "      <td>0.068932</td>\n",
       "    </tr>\n",
       "    <tr>\n",
       "      <td>ETC</td>\n",
       "      <td>0.091568</td>\n",
       "      <td>0.094895</td>\n",
       "      <td>-0.072479</td>\n",
       "      <td>-0.182917</td>\n",
       "      <td>-0.163691</td>\n",
       "      <td>-0.160552</td>\n",
       "      <td>1.000000</td>\n",
       "      <td>-0.120444</td>\n",
       "      <td>-0.050094</td>\n",
       "      <td>-0.020187</td>\n",
       "      <td>-0.113886</td>\n",
       "      <td>-0.085483</td>\n",
       "      <td>-0.177028</td>\n",
       "    </tr>\n",
       "    <tr>\n",
       "      <td>STR</td>\n",
       "      <td>-0.006155</td>\n",
       "      <td>-0.078182</td>\n",
       "      <td>-0.115053</td>\n",
       "      <td>0.111281</td>\n",
       "      <td>0.070436</td>\n",
       "      <td>0.384092</td>\n",
       "      <td>-0.120444</td>\n",
       "      <td>1.000000</td>\n",
       "      <td>0.114370</td>\n",
       "      <td>0.038892</td>\n",
       "      <td>-0.035293</td>\n",
       "      <td>0.051242</td>\n",
       "      <td>0.027521</td>\n",
       "    </tr>\n",
       "    <tr>\n",
       "      <td>DASH</td>\n",
       "      <td>-0.081376</td>\n",
       "      <td>-0.114014</td>\n",
       "      <td>0.072406</td>\n",
       "      <td>0.173641</td>\n",
       "      <td>0.035801</td>\n",
       "      <td>0.069388</td>\n",
       "      <td>-0.050094</td>\n",
       "      <td>0.114370</td>\n",
       "      <td>1.000000</td>\n",
       "      <td>0.095639</td>\n",
       "      <td>0.039306</td>\n",
       "      <td>0.272601</td>\n",
       "      <td>-0.017666</td>\n",
       "    </tr>\n",
       "    <tr>\n",
       "      <td>SC</td>\n",
       "      <td>0.145112</td>\n",
       "      <td>0.088913</td>\n",
       "      <td>-0.159571</td>\n",
       "      <td>0.263811</td>\n",
       "      <td>-0.011061</td>\n",
       "      <td>0.156195</td>\n",
       "      <td>-0.020187</td>\n",
       "      <td>0.038892</td>\n",
       "      <td>0.095639</td>\n",
       "      <td>1.000000</td>\n",
       "      <td>0.016306</td>\n",
       "      <td>0.212998</td>\n",
       "      <td>0.041630</td>\n",
       "    </tr>\n",
       "    <tr>\n",
       "      <td>XMR</td>\n",
       "      <td>-0.063484</td>\n",
       "      <td>-0.037266</td>\n",
       "      <td>0.111012</td>\n",
       "      <td>0.219352</td>\n",
       "      <td>0.307626</td>\n",
       "      <td>0.045570</td>\n",
       "      <td>-0.113886</td>\n",
       "      <td>-0.035293</td>\n",
       "      <td>0.039306</td>\n",
       "      <td>0.016306</td>\n",
       "      <td>1.000000</td>\n",
       "      <td>0.108232</td>\n",
       "      <td>0.235799</td>\n",
       "    </tr>\n",
       "    <tr>\n",
       "      <td>XEM</td>\n",
       "      <td>-0.062300</td>\n",
       "      <td>0.015487</td>\n",
       "      <td>0.119244</td>\n",
       "      <td>0.340521</td>\n",
       "      <td>0.133253</td>\n",
       "      <td>0.145537</td>\n",
       "      <td>-0.085483</td>\n",
       "      <td>0.051242</td>\n",
       "      <td>0.272601</td>\n",
       "      <td>0.212998</td>\n",
       "      <td>0.108232</td>\n",
       "      <td>1.000000</td>\n",
       "      <td>0.198998</td>\n",
       "    </tr>\n",
       "    <tr>\n",
       "      <td>BTC</td>\n",
       "      <td>-0.006501</td>\n",
       "      <td>0.015669</td>\n",
       "      <td>0.041655</td>\n",
       "      <td>0.364203</td>\n",
       "      <td>0.681718</td>\n",
       "      <td>0.068932</td>\n",
       "      <td>-0.177028</td>\n",
       "      <td>0.027521</td>\n",
       "      <td>-0.017666</td>\n",
       "      <td>0.041630</td>\n",
       "      <td>0.235799</td>\n",
       "      <td>0.198998</td>\n",
       "      <td>1.000000</td>\n",
       "    </tr>\n",
       "  </tbody>\n",
       "</table>\n",
       "</div>"
      ],
      "text/plain": [
       "            Gold    Silver      Yuan       ETH       LTC       XRP       ETC  \\\n",
       "Gold    1.000000  0.816994 -0.400680  0.061153  0.021064  0.092328  0.091568   \n",
       "Silver  0.816994  1.000000 -0.335391  0.053671 -0.007755  0.045048  0.094895   \n",
       "Yuan   -0.400680 -0.335391  1.000000  0.013123  0.031666 -0.092114 -0.072479   \n",
       "ETH     0.061153  0.053671  0.013123  1.000000  0.345344  0.440755 -0.182917   \n",
       "LTC     0.021064 -0.007755  0.031666  0.345344  1.000000  0.175509 -0.163691   \n",
       "XRP     0.092328  0.045048 -0.092114  0.440755  0.175509  1.000000 -0.160552   \n",
       "ETC     0.091568  0.094895 -0.072479 -0.182917 -0.163691 -0.160552  1.000000   \n",
       "STR    -0.006155 -0.078182 -0.115053  0.111281  0.070436  0.384092 -0.120444   \n",
       "DASH   -0.081376 -0.114014  0.072406  0.173641  0.035801  0.069388 -0.050094   \n",
       "SC      0.145112  0.088913 -0.159571  0.263811 -0.011061  0.156195 -0.020187   \n",
       "XMR    -0.063484 -0.037266  0.111012  0.219352  0.307626  0.045570 -0.113886   \n",
       "XEM    -0.062300  0.015487  0.119244  0.340521  0.133253  0.145537 -0.085483   \n",
       "BTC    -0.006501  0.015669  0.041655  0.364203  0.681718  0.068932 -0.177028   \n",
       "\n",
       "             STR      DASH        SC       XMR       XEM       BTC  \n",
       "Gold   -0.006155 -0.081376  0.145112 -0.063484 -0.062300 -0.006501  \n",
       "Silver -0.078182 -0.114014  0.088913 -0.037266  0.015487  0.015669  \n",
       "Yuan   -0.115053  0.072406 -0.159571  0.111012  0.119244  0.041655  \n",
       "ETH     0.111281  0.173641  0.263811  0.219352  0.340521  0.364203  \n",
       "LTC     0.070436  0.035801 -0.011061  0.307626  0.133253  0.681718  \n",
       "XRP     0.384092  0.069388  0.156195  0.045570  0.145537  0.068932  \n",
       "ETC    -0.120444 -0.050094 -0.020187 -0.113886 -0.085483 -0.177028  \n",
       "STR     1.000000  0.114370  0.038892 -0.035293  0.051242  0.027521  \n",
       "DASH    0.114370  1.000000  0.095639  0.039306  0.272601 -0.017666  \n",
       "SC      0.038892  0.095639  1.000000  0.016306  0.212998  0.041630  \n",
       "XMR    -0.035293  0.039306  0.016306  1.000000  0.108232  0.235799  \n",
       "XEM     0.051242  0.272601  0.212998  0.108232  1.000000  0.198998  \n",
       "BTC     0.027521 -0.017666  0.041630  0.235799  0.198998  1.000000  "
      ]
     },
     "execution_count": 3,
     "metadata": {},
     "output_type": "execute_result"
    }
   ],
   "source": [
    "# Calculate the pearson correlation coefficients for cryptocurrencies in 2016\n",
    "combined_df_2016 = data_full[data_full.index.year == 2016]\n",
    "combined_df_2016.pct_change().corr(method='pearson')"
   ]
  },
  {
   "cell_type": "code",
   "execution_count": 4,
   "metadata": {},
   "outputs": [
    {
     "name": "stderr",
     "output_type": "stream",
     "text": [
      "/opt/anaconda/anaconda3/lib/python3.7/site-packages/ipykernel_launcher.py:4: FutureWarning:\n",
      "\n",
      "Method .as_matrix will be removed in a future version. Use .values instead.\n",
      "\n"
     ]
    },
    {
     "data": {
      "application/vnd.plotly.v1+json": {
       "config": {
        "linkText": "Export to plot.ly",
        "plotlyServerURL": "https://plot.ly",
        "showLink": false
       },
       "data": [
        {
         "colorbar": {
          "title": {
           "text": "Pearson Coefficient"
          }
         },
         "type": "heatmap",
         "x": [
          "Gold",
          "Silver",
          "Yuan",
          "ETH",
          "LTC",
          "XRP",
          "ETC",
          "STR",
          "DASH",
          "SC",
          "XMR",
          "XEM",
          "BTC"
         ],
         "y": [
          "Gold",
          "Silver",
          "Yuan",
          "ETH",
          "LTC",
          "XRP",
          "ETC",
          "STR",
          "DASH",
          "SC",
          "XMR",
          "XEM",
          "BTC"
         ],
         "z": [
          [
           1,
           0.8169940569906147,
           -0.4006796449239148,
           0.06115330923516349,
           0.02106355527817077,
           0.09232785618938892,
           0.0915677662572649,
           -0.006154736635325578,
           -0.08137645029899307,
           0.14511225102921943,
           -0.06348417618316224,
           -0.062299514135508965,
           -0.006500759842057637
          ],
          [
           0.8169940569906147,
           1,
           -0.3353907590371354,
           0.053670668938122355,
           -0.0077553909631801095,
           0.04504796791381325,
           0.09489548404543086,
           -0.07818176219053503,
           -0.11401357520791772,
           0.08891262446756483,
           -0.03726584362604367,
           0.015487294195390954,
           0.015668601883497904
          ],
          [
           -0.4006796449239148,
           -0.3353907590371354,
           1,
           0.013122630961776762,
           0.03166591976655388,
           -0.09211435942913035,
           -0.07247888014113824,
           -0.11505296590134395,
           0.07240565864537317,
           -0.15957098728474878,
           0.11101223134273719,
           0.11924357166028503,
           0.04165537931700884
          ],
          [
           0.06115330923516349,
           0.053670668938122355,
           0.013122630961776762,
           1,
           0.3453439740025036,
           0.4407547601326207,
           -0.1829173726215863,
           0.11128083776376307,
           0.1736411849114977,
           0.26381055087211897,
           0.2193517977621427,
           0.340520846895216,
           0.3642026848058745
          ],
          [
           0.02106355527817077,
           -0.0077553909631801095,
           0.03166591976655388,
           0.3453439740025036,
           1,
           0.1755090805690625,
           -0.163690684834394,
           0.07043572431115094,
           0.035801327666296914,
           -0.011060526239586328,
           0.30762603651647064,
           0.13325347157210843,
           0.6817177318009467
          ],
          [
           0.09232785618938892,
           0.04504796791381325,
           -0.09211435942913035,
           0.4407547601326207,
           0.1755090805690625,
           1,
           -0.16055225707496484,
           0.38409228734307443,
           0.06938826237776623,
           0.15619453733204613,
           0.04556985811312966,
           0.145537144823993,
           0.06893219719684324
          ],
          [
           0.0915677662572649,
           0.09489548404543086,
           -0.07247888014113824,
           -0.1829173726215863,
           -0.163690684834394,
           -0.16055225707496484,
           1,
           -0.12044368618807294,
           -0.05009420205051216,
           -0.02018684269659987,
           -0.11388591770317033,
           -0.08548282072839425,
           -0.17702827971576704
          ],
          [
           -0.006154736635325578,
           -0.07818176219053503,
           -0.11505296590134395,
           0.11128083776376307,
           0.07043572431115094,
           0.38409228734307443,
           -0.12044368618807294,
           1,
           0.1143704401416946,
           0.03889183712551217,
           -0.03529317345326167,
           0.051241624385981,
           0.027520778933684285
          ],
          [
           -0.08137645029899307,
           -0.11401357520791772,
           0.07240565864537317,
           0.1736411849114977,
           0.035801327666296914,
           0.06938826237776623,
           -0.05009420205051216,
           0.1143704401416946,
           1,
           0.09563908894015276,
           0.03930592968611879,
           0.27260118347475043,
           -0.017666450124335837
          ],
          [
           0.14511225102921943,
           0.08891262446756483,
           -0.15957098728474878,
           0.26381055087211897,
           -0.011060526239586328,
           0.15619453733204613,
           -0.02018684269659987,
           0.03889183712551217,
           0.09563908894015276,
           1,
           0.016305521639505254,
           0.21299753595300497,
           0.04162988485259366
          ],
          [
           -0.06348417618316224,
           -0.03726584362604367,
           0.11101223134273719,
           0.2193517977621427,
           0.30762603651647064,
           0.04556985811312966,
           -0.11388591770317033,
           -0.03529317345326167,
           0.03930592968611879,
           0.016305521639505254,
           1,
           0.10823200047288131,
           0.23579948752044888
          ],
          [
           -0.062299514135508965,
           0.015487294195390954,
           0.11924357166028503,
           0.340520846895216,
           0.13325347157210843,
           0.145537144823993,
           -0.08548282072839425,
           0.051241624385981,
           0.27260118347475043,
           0.21299753595300497,
           0.10823200047288131,
           1,
           0.19899835200653965
          ],
          [
           -0.006500759842057637,
           0.015668601883497904,
           0.04165537931700884,
           0.3642026848058745,
           0.6817177318009467,
           0.06893219719684324,
           -0.17702827971576704,
           0.027520778933684285,
           -0.017666450124335837,
           0.04162988485259366,
           0.23579948752044888,
           0.19899835200653965,
           1
          ]
         ],
         "zmax": 1,
         "zmin": -1
        }
       ],
       "layout": {
        "template": {
         "data": {
          "bar": [
           {
            "error_x": {
             "color": "#2a3f5f"
            },
            "error_y": {
             "color": "#2a3f5f"
            },
            "marker": {
             "line": {
              "color": "#E5ECF6",
              "width": 0.5
             }
            },
            "type": "bar"
           }
          ],
          "barpolar": [
           {
            "marker": {
             "line": {
              "color": "#E5ECF6",
              "width": 0.5
             }
            },
            "type": "barpolar"
           }
          ],
          "carpet": [
           {
            "aaxis": {
             "endlinecolor": "#2a3f5f",
             "gridcolor": "white",
             "linecolor": "white",
             "minorgridcolor": "white",
             "startlinecolor": "#2a3f5f"
            },
            "baxis": {
             "endlinecolor": "#2a3f5f",
             "gridcolor": "white",
             "linecolor": "white",
             "minorgridcolor": "white",
             "startlinecolor": "#2a3f5f"
            },
            "type": "carpet"
           }
          ],
          "choropleth": [
           {
            "colorbar": {
             "outlinewidth": 0,
             "ticks": ""
            },
            "type": "choropleth"
           }
          ],
          "contour": [
           {
            "colorbar": {
             "outlinewidth": 0,
             "ticks": ""
            },
            "colorscale": [
             [
              0,
              "#0d0887"
             ],
             [
              0.1111111111111111,
              "#46039f"
             ],
             [
              0.2222222222222222,
              "#7201a8"
             ],
             [
              0.3333333333333333,
              "#9c179e"
             ],
             [
              0.4444444444444444,
              "#bd3786"
             ],
             [
              0.5555555555555556,
              "#d8576b"
             ],
             [
              0.6666666666666666,
              "#ed7953"
             ],
             [
              0.7777777777777778,
              "#fb9f3a"
             ],
             [
              0.8888888888888888,
              "#fdca26"
             ],
             [
              1,
              "#f0f921"
             ]
            ],
            "type": "contour"
           }
          ],
          "contourcarpet": [
           {
            "colorbar": {
             "outlinewidth": 0,
             "ticks": ""
            },
            "type": "contourcarpet"
           }
          ],
          "heatmap": [
           {
            "colorbar": {
             "outlinewidth": 0,
             "ticks": ""
            },
            "colorscale": [
             [
              0,
              "#0d0887"
             ],
             [
              0.1111111111111111,
              "#46039f"
             ],
             [
              0.2222222222222222,
              "#7201a8"
             ],
             [
              0.3333333333333333,
              "#9c179e"
             ],
             [
              0.4444444444444444,
              "#bd3786"
             ],
             [
              0.5555555555555556,
              "#d8576b"
             ],
             [
              0.6666666666666666,
              "#ed7953"
             ],
             [
              0.7777777777777778,
              "#fb9f3a"
             ],
             [
              0.8888888888888888,
              "#fdca26"
             ],
             [
              1,
              "#f0f921"
             ]
            ],
            "type": "heatmap"
           }
          ],
          "heatmapgl": [
           {
            "colorbar": {
             "outlinewidth": 0,
             "ticks": ""
            },
            "colorscale": [
             [
              0,
              "#0d0887"
             ],
             [
              0.1111111111111111,
              "#46039f"
             ],
             [
              0.2222222222222222,
              "#7201a8"
             ],
             [
              0.3333333333333333,
              "#9c179e"
             ],
             [
              0.4444444444444444,
              "#bd3786"
             ],
             [
              0.5555555555555556,
              "#d8576b"
             ],
             [
              0.6666666666666666,
              "#ed7953"
             ],
             [
              0.7777777777777778,
              "#fb9f3a"
             ],
             [
              0.8888888888888888,
              "#fdca26"
             ],
             [
              1,
              "#f0f921"
             ]
            ],
            "type": "heatmapgl"
           }
          ],
          "histogram": [
           {
            "marker": {
             "colorbar": {
              "outlinewidth": 0,
              "ticks": ""
             }
            },
            "type": "histogram"
           }
          ],
          "histogram2d": [
           {
            "colorbar": {
             "outlinewidth": 0,
             "ticks": ""
            },
            "colorscale": [
             [
              0,
              "#0d0887"
             ],
             [
              0.1111111111111111,
              "#46039f"
             ],
             [
              0.2222222222222222,
              "#7201a8"
             ],
             [
              0.3333333333333333,
              "#9c179e"
             ],
             [
              0.4444444444444444,
              "#bd3786"
             ],
             [
              0.5555555555555556,
              "#d8576b"
             ],
             [
              0.6666666666666666,
              "#ed7953"
             ],
             [
              0.7777777777777778,
              "#fb9f3a"
             ],
             [
              0.8888888888888888,
              "#fdca26"
             ],
             [
              1,
              "#f0f921"
             ]
            ],
            "type": "histogram2d"
           }
          ],
          "histogram2dcontour": [
           {
            "colorbar": {
             "outlinewidth": 0,
             "ticks": ""
            },
            "colorscale": [
             [
              0,
              "#0d0887"
             ],
             [
              0.1111111111111111,
              "#46039f"
             ],
             [
              0.2222222222222222,
              "#7201a8"
             ],
             [
              0.3333333333333333,
              "#9c179e"
             ],
             [
              0.4444444444444444,
              "#bd3786"
             ],
             [
              0.5555555555555556,
              "#d8576b"
             ],
             [
              0.6666666666666666,
              "#ed7953"
             ],
             [
              0.7777777777777778,
              "#fb9f3a"
             ],
             [
              0.8888888888888888,
              "#fdca26"
             ],
             [
              1,
              "#f0f921"
             ]
            ],
            "type": "histogram2dcontour"
           }
          ],
          "mesh3d": [
           {
            "colorbar": {
             "outlinewidth": 0,
             "ticks": ""
            },
            "type": "mesh3d"
           }
          ],
          "parcoords": [
           {
            "line": {
             "colorbar": {
              "outlinewidth": 0,
              "ticks": ""
             }
            },
            "type": "parcoords"
           }
          ],
          "scatter": [
           {
            "marker": {
             "colorbar": {
              "outlinewidth": 0,
              "ticks": ""
             }
            },
            "type": "scatter"
           }
          ],
          "scatter3d": [
           {
            "line": {
             "colorbar": {
              "outlinewidth": 0,
              "ticks": ""
             }
            },
            "marker": {
             "colorbar": {
              "outlinewidth": 0,
              "ticks": ""
             }
            },
            "type": "scatter3d"
           }
          ],
          "scattercarpet": [
           {
            "marker": {
             "colorbar": {
              "outlinewidth": 0,
              "ticks": ""
             }
            },
            "type": "scattercarpet"
           }
          ],
          "scattergeo": [
           {
            "marker": {
             "colorbar": {
              "outlinewidth": 0,
              "ticks": ""
             }
            },
            "type": "scattergeo"
           }
          ],
          "scattergl": [
           {
            "marker": {
             "colorbar": {
              "outlinewidth": 0,
              "ticks": ""
             }
            },
            "type": "scattergl"
           }
          ],
          "scattermapbox": [
           {
            "marker": {
             "colorbar": {
              "outlinewidth": 0,
              "ticks": ""
             }
            },
            "type": "scattermapbox"
           }
          ],
          "scatterpolar": [
           {
            "marker": {
             "colorbar": {
              "outlinewidth": 0,
              "ticks": ""
             }
            },
            "type": "scatterpolar"
           }
          ],
          "scatterpolargl": [
           {
            "marker": {
             "colorbar": {
              "outlinewidth": 0,
              "ticks": ""
             }
            },
            "type": "scatterpolargl"
           }
          ],
          "scatterternary": [
           {
            "marker": {
             "colorbar": {
              "outlinewidth": 0,
              "ticks": ""
             }
            },
            "type": "scatterternary"
           }
          ],
          "surface": [
           {
            "colorbar": {
             "outlinewidth": 0,
             "ticks": ""
            },
            "colorscale": [
             [
              0,
              "#0d0887"
             ],
             [
              0.1111111111111111,
              "#46039f"
             ],
             [
              0.2222222222222222,
              "#7201a8"
             ],
             [
              0.3333333333333333,
              "#9c179e"
             ],
             [
              0.4444444444444444,
              "#bd3786"
             ],
             [
              0.5555555555555556,
              "#d8576b"
             ],
             [
              0.6666666666666666,
              "#ed7953"
             ],
             [
              0.7777777777777778,
              "#fb9f3a"
             ],
             [
              0.8888888888888888,
              "#fdca26"
             ],
             [
              1,
              "#f0f921"
             ]
            ],
            "type": "surface"
           }
          ],
          "table": [
           {
            "cells": {
             "fill": {
              "color": "#EBF0F8"
             },
             "line": {
              "color": "white"
             }
            },
            "header": {
             "fill": {
              "color": "#C8D4E3"
             },
             "line": {
              "color": "white"
             }
            },
            "type": "table"
           }
          ]
         },
         "layout": {
          "annotationdefaults": {
           "arrowcolor": "#2a3f5f",
           "arrowhead": 0,
           "arrowwidth": 1
          },
          "colorscale": {
           "diverging": [
            [
             0,
             "#8e0152"
            ],
            [
             0.1,
             "#c51b7d"
            ],
            [
             0.2,
             "#de77ae"
            ],
            [
             0.3,
             "#f1b6da"
            ],
            [
             0.4,
             "#fde0ef"
            ],
            [
             0.5,
             "#f7f7f7"
            ],
            [
             0.6,
             "#e6f5d0"
            ],
            [
             0.7,
             "#b8e186"
            ],
            [
             0.8,
             "#7fbc41"
            ],
            [
             0.9,
             "#4d9221"
            ],
            [
             1,
             "#276419"
            ]
           ],
           "sequential": [
            [
             0,
             "#0d0887"
            ],
            [
             0.1111111111111111,
             "#46039f"
            ],
            [
             0.2222222222222222,
             "#7201a8"
            ],
            [
             0.3333333333333333,
             "#9c179e"
            ],
            [
             0.4444444444444444,
             "#bd3786"
            ],
            [
             0.5555555555555556,
             "#d8576b"
            ],
            [
             0.6666666666666666,
             "#ed7953"
            ],
            [
             0.7777777777777778,
             "#fb9f3a"
            ],
            [
             0.8888888888888888,
             "#fdca26"
            ],
            [
             1,
             "#f0f921"
            ]
           ],
           "sequentialminus": [
            [
             0,
             "#0d0887"
            ],
            [
             0.1111111111111111,
             "#46039f"
            ],
            [
             0.2222222222222222,
             "#7201a8"
            ],
            [
             0.3333333333333333,
             "#9c179e"
            ],
            [
             0.4444444444444444,
             "#bd3786"
            ],
            [
             0.5555555555555556,
             "#d8576b"
            ],
            [
             0.6666666666666666,
             "#ed7953"
            ],
            [
             0.7777777777777778,
             "#fb9f3a"
            ],
            [
             0.8888888888888888,
             "#fdca26"
            ],
            [
             1,
             "#f0f921"
            ]
           ]
          },
          "colorway": [
           "#636efa",
           "#EF553B",
           "#00cc96",
           "#ab63fa",
           "#FFA15A",
           "#19d3f3",
           "#FF6692",
           "#B6E880",
           "#FF97FF",
           "#FECB52"
          ],
          "font": {
           "color": "#2a3f5f"
          },
          "geo": {
           "bgcolor": "white",
           "lakecolor": "white",
           "landcolor": "#E5ECF6",
           "showlakes": true,
           "showland": true,
           "subunitcolor": "white"
          },
          "hoverlabel": {
           "align": "left"
          },
          "hovermode": "closest",
          "mapbox": {
           "style": "light"
          },
          "paper_bgcolor": "white",
          "plot_bgcolor": "#E5ECF6",
          "polar": {
           "angularaxis": {
            "gridcolor": "white",
            "linecolor": "white",
            "ticks": ""
           },
           "bgcolor": "#E5ECF6",
           "radialaxis": {
            "gridcolor": "white",
            "linecolor": "white",
            "ticks": ""
           }
          },
          "scene": {
           "xaxis": {
            "backgroundcolor": "#E5ECF6",
            "gridcolor": "white",
            "gridwidth": 2,
            "linecolor": "white",
            "showbackground": true,
            "ticks": "",
            "zerolinecolor": "white"
           },
           "yaxis": {
            "backgroundcolor": "#E5ECF6",
            "gridcolor": "white",
            "gridwidth": 2,
            "linecolor": "white",
            "showbackground": true,
            "ticks": "",
            "zerolinecolor": "white"
           },
           "zaxis": {
            "backgroundcolor": "#E5ECF6",
            "gridcolor": "white",
            "gridwidth": 2,
            "linecolor": "white",
            "showbackground": true,
            "ticks": "",
            "zerolinecolor": "white"
           }
          },
          "shapedefaults": {
           "line": {
            "color": "#2a3f5f"
           }
          },
          "ternary": {
           "aaxis": {
            "gridcolor": "white",
            "linecolor": "white",
            "ticks": ""
           },
           "baxis": {
            "gridcolor": "white",
            "linecolor": "white",
            "ticks": ""
           },
           "bgcolor": "#E5ECF6",
           "caxis": {
            "gridcolor": "white",
            "linecolor": "white",
            "ticks": ""
           }
          },
          "title": {
           "x": 0.05
          },
          "xaxis": {
           "automargin": true,
           "gridcolor": "white",
           "linecolor": "white",
           "ticks": "",
           "zerolinecolor": "white",
           "zerolinewidth": 2
          },
          "yaxis": {
           "automargin": true,
           "gridcolor": "white",
           "linecolor": "white",
           "ticks": "",
           "zerolinecolor": "white",
           "zerolinewidth": 2
          }
         }
        },
        "title": {
         "text": "Cryptocurrency Correlations in 2016"
        }
       }
      },
      "text/html": [
       "<div>\n",
       "        \n",
       "        \n",
       "            <div id=\"5ff6b008-d4c0-4ab0-a06a-08d3b8d31b0c\" class=\"plotly-graph-div\" style=\"height:525px; width:100%;\"></div>\n",
       "            <script type=\"text/javascript\">\n",
       "                require([\"plotly\"], function(Plotly) {\n",
       "                    window.PLOTLYENV=window.PLOTLYENV || {};\n",
       "                    \n",
       "                if (document.getElementById(\"5ff6b008-d4c0-4ab0-a06a-08d3b8d31b0c\")) {\n",
       "                    Plotly.newPlot(\n",
       "                        '5ff6b008-d4c0-4ab0-a06a-08d3b8d31b0c',\n",
