{
 "cells": [
  {
   "cell_type": "markdown",
   "metadata": {},
   "source": [
    "# Timeseries-Analysis on Cryptocurrenca\n",
    "## load Data"
   ]
  },
  {
   "cell_type": "code",
   "execution_count": 2,
   "metadata": {},
   "outputs": [
    {
     "data": {
      "text/html": [
       "        <script type=\"text/javascript\">\n",
       "        window.PlotlyConfig = {MathJaxConfig: 'local'};\n",
       "        if (window.MathJax) {MathJax.Hub.Config({SVG: {font: \"STIX-Web\"}});}\n",
       "        if (typeof require !== 'undefined') {\n",
       "        require.undef(\"plotly\");\n",
       "        requirejs.config({\n",
       "            paths: {\n",
       "                'plotly': ['https://cdn.plot.ly/plotly-latest.min']\n",
       "            }\n",
       "        });\n",
       "        require(['plotly'], function(Plotly) {\n",
       "            window._Plotly = Plotly;\n",
       "        });\n",
       "        }\n",
       "        </script>\n",
       "        "
      ]
     },
     "metadata": {},
     "output_type": "display_data"
    }
   ],
   "source": [
    "import os\n",
    "import numpy as np\n",
    "import pandas as pd\n",
    "import pickle\n",
    "import quandl\n",
    "from datetime import datetime, timedelta, date\n",
    "import plotly.offline as py\n",
    "import plotly.graph_objs as go\n",
    "import plotly.figure_factory as ff\n",
    "import matplotlib.pyplot as plt\n",
    "\n",
    "py.init_notebook_mode(connected=True)"
   ]
  },
  {
   "cell_type": "code",
   "execution_count": 118,
   "metadata": {},
   "outputs": [
    {
     "name": "stdout",
     "output_type": "stream",
     "text": [
      "2016-07-25 00:00:00\n",
      "2016-07-26 00:00:00\n",
      "2016-07-27 00:00:00\n",
      "2016-07-28 00:00:00\n",
      "2016-07-29 00:00:00\n",
      "2016-07-30 00:00:00\n",
      "2016-07-31 00:00:00\n",
      "2016-08-01 00:00:00\n",
      "2016-08-02 00:00:00\n",
      "2016-08-03 00:00:00\n"
     ]
    },
    {
     "data": {
      "text/plain": [
       "DatetimeIndex(['2016-07-25', '2016-07-26', '2016-07-27', '2016-07-28',\n",
       "               '2016-07-29', '2016-07-30', '2016-07-31', '2016-08-01',\n",
       "               '2016-08-02', '2016-08-03'],\n",
       "              dtype='datetime64[ns]', name='Date', freq=None)"
      ]
     },
     "execution_count": 118,
     "metadata": {},
     "output_type": "execute_result"
    }
   ],
   "source": [
    "data_full = pd.read_csv('data_full.csv')\n",
    "#data_full['Date'] = pd.to_datetime(data_full['Date'])\n",
    "data_full['Date'] = [pd.to_datetime(str(x) + ' 00:00:00',format = '%Y-%m-%d %H:%M:%S') for x in data_full['Date']] \n",
    "for x in data_full['Date'][:10]:\n",
    "    print(str(x))\n",
    "data_full = data_full.set_index('Date')\n",
    "data_full.index = pd.to_datetime(data_full.index,format = '%Y-%m-%d %H:%M:%S')\n",
    "data_full.index[:10]"
   ]
  },
  {
   "cell_type": "code",
   "execution_count": null,
   "metadata": {},
   "outputs": [],
   "source": []
  },
  {
   "cell_type": "code",
   "execution_count": 86,
   "metadata": {},
   "outputs": [
    {
     "data": {
      "text/html": [
       "<div>\n",
       "<style scoped>\n",
       "    .dataframe tbody tr th:only-of-type {\n",
       "        vertical-align: middle;\n",
       "    }\n",
       "\n",
       "    .dataframe tbody tr th {\n",
       "        vertical-align: top;\n",
       "    }\n",
       "\n",
       "    .dataframe thead th {\n",
       "        text-align: right;\n",
       "    }\n",
       "</style>\n",
       "<table border=\"1\" class=\"dataframe\">\n",
       "  <thead>\n",
       "    <tr style=\"text-align: right;\">\n",
       "      <th></th>\n",
       "      <th>Gold</th>\n",
       "      <th>Silver</th>\n",
       "      <th>Yuan</th>\n",
       "      <th>ETH</th>\n",
       "      <th>LTC</th>\n",
       "      <th>XRP</th>\n",
       "      <th>ETC</th>\n",
       "      <th>STR</th>\n",
       "      <th>DASH</th>\n",
       "      <th>SC</th>\n",
       "      <th>XMR</th>\n",
       "      <th>XEM</th>\n",
       "      <th>BTC</th>\n",
       "    </tr>\n",
       "  </thead>\n",
       "  <tbody>\n",
       "    <tr>\n",
       "      <th>Gold</th>\n",
       "      <td>1.000000</td>\n",
       "      <td>0.834779</td>\n",
       "      <td>-0.427144</td>\n",
       "      <td>0.103315</td>\n",
       "      <td>0.065376</td>\n",
       "      <td>0.134728</td>\n",
       "      <td>0.107322</td>\n",
       "      <td>0.081200</td>\n",
       "      <td>-0.032492</td>\n",
       "      <td>0.140624</td>\n",
       "      <td>-0.030809</td>\n",
       "      <td>0.091478</td>\n",
       "      <td>-0.006393</td>\n",
       "    </tr>\n",
       "    <tr>\n",
       "      <th>Silver</th>\n",
       "      <td>0.834779</td>\n",
       "      <td>1.000000</td>\n",
       "      <td>-0.364850</td>\n",
       "      <td>0.075677</td>\n",
       "      <td>0.003224</td>\n",
       "      <td>0.080201</td>\n",
       "      <td>0.110966</td>\n",
       "      <td>-0.004311</td>\n",
       "      <td>-0.086840</td>\n",
       "      <td>0.096363</td>\n",
       "      <td>0.005021</td>\n",
       "      <td>0.145681</td>\n",
       "      <td>0.028127</td>\n",
       "    </tr>\n",
       "    <tr>\n",
       "      <th>Yuan</th>\n",
       "      <td>-0.427144</td>\n",
       "      <td>-0.364850</td>\n",
       "      <td>1.000000</td>\n",
       "      <td>0.015165</td>\n",
       "      <td>0.030578</td>\n",
       "      <td>-0.122779</td>\n",
       "      <td>-0.091774</td>\n",
       "      <td>-0.141322</td>\n",
       "      <td>-0.008639</td>\n",
       "      <td>-0.156561</td>\n",
       "      <td>0.244717</td>\n",
       "      <td>0.018457</td>\n",
       "      <td>0.083036</td>\n",
       "    </tr>\n",
       "    <tr>\n",
       "      <th>ETH</th>\n",
       "      <td>0.103315</td>\n",
       "      <td>0.075677</td>\n",
       "      <td>0.015165</td>\n",
       "      <td>1.000000</td>\n",
       "      <td>0.349767</td>\n",
       "      <td>0.426771</td>\n",
       "      <td>-0.176678</td>\n",
       "      <td>0.132381</td>\n",
       "      <td>0.075252</td>\n",
       "      <td>0.260810</td>\n",
       "      <td>0.135812</td>\n",
       "      <td>0.330978</td>\n",
       "      <td>0.327627</td>\n",
       "    </tr>\n",
       "    <tr>\n",
       "      <th>LTC</th>\n",
       "      <td>0.065376</td>\n",
       "      <td>0.003224</td>\n",
       "      <td>0.030578</td>\n",
       "      <td>0.349767</td>\n",
       "      <td>1.000000</td>\n",
       "      <td>0.178248</td>\n",
       "      <td>-0.157617</td>\n",
       "      <td>0.059303</td>\n",
       "      <td>0.012241</td>\n",
       "      <td>0.000692</td>\n",
       "      <td>0.286476</td>\n",
       "      <td>0.163011</td>\n",
       "      <td>0.692887</td>\n",
       "    </tr>\n",
       "    <tr>\n",
       "      <th>XRP</th>\n",
       "      <td>0.134728</td>\n",
       "      <td>0.080201</td>\n",
       "      <td>-0.122779</td>\n",
       "      <td>0.426771</td>\n",
       "      <td>0.178248</td>\n",
       "      <td>1.000000</td>\n",
       "      <td>-0.145212</td>\n",
       "      <td>0.441542</td>\n",
       "      <td>-0.029502</td>\n",
       "      <td>0.139253</td>\n",
       "      <td>-0.016717</td>\n",
       "      <td>0.103858</td>\n",
       "      <td>0.074689</td>\n",
       "    </tr>\n",
       "    <tr>\n",
       "      <th>ETC</th>\n",
       "      <td>0.107322</td>\n",
       "      <td>0.110966</td>\n",
       "      <td>-0.091774</td>\n",
       "      <td>-0.176678</td>\n",
       "      <td>-0.157617</td>\n",
       "      <td>-0.145212</td>\n",
       "      <td>1.000000</td>\n",
       "      <td>-0.117953</td>\n",
       "      <td>-0.027268</td>\n",
       "      <td>-0.016946</td>\n",
       "      <td>-0.105432</td>\n",
       "      <td>-0.067655</td>\n",
       "      <td>-0.181522</td>\n",
       "    </tr>\n",
       "    <tr>\n",
       "      <th>STR</th>\n",
       "      <td>0.081200</td>\n",
       "      <td>-0.004311</td>\n",
       "      <td>-0.141322</td>\n",
       "      <td>0.132381</td>\n",
       "      <td>0.059303</td>\n",
       "      <td>0.441542</td>\n",
       "      <td>-0.117953</td>\n",
       "      <td>1.000000</td>\n",
       "      <td>0.081874</td>\n",
       "      <td>0.050234</td>\n",
       "      <td>-0.058673</td>\n",
       "      <td>0.065690</td>\n",
       "      <td>-0.002486</td>\n",
       "    </tr>\n",
       "    <tr>\n",
       "      <th>DASH</th>\n",
       "      <td>-0.032492</td>\n",
       "      <td>-0.086840</td>\n",
       "      <td>-0.008639</td>\n",
       "      <td>0.075252</td>\n",
       "      <td>0.012241</td>\n",
       "      <td>-0.029502</td>\n",
       "      <td>-0.027268</td>\n",
       "      <td>0.081874</td>\n",
       "      <td>1.000000</td>\n",
       "      <td>0.080292</td>\n",
       "      <td>-0.010447</td>\n",
       "      <td>0.287268</td>\n",
       "      <td>-0.061217</td>\n",
       "    </tr>\n",
       "    <tr>\n",
       "      <th>SC</th>\n",
       "      <td>0.140624</td>\n",
       "      <td>0.096363</td>\n",
       "      <td>-0.156561</td>\n",
       "      <td>0.260810</td>\n",
       "      <td>0.000692</td>\n",
       "      <td>0.139253</td>\n",
       "      <td>-0.016946</td>\n",
       "      <td>0.050234</td>\n",
       "      <td>0.080292</td>\n",
       "      <td>1.000000</td>\n",
       "      <td>0.015488</td>\n",
       "      <td>0.214017</td>\n",
       "      <td>0.054532</td>\n",
       "    </tr>\n",
       "    <tr>\n",
       "      <th>XMR</th>\n",
       "      <td>-0.030809</td>\n",
       "      <td>0.005021</td>\n",
       "      <td>0.244717</td>\n",
       "      <td>0.135812</td>\n",
       "      <td>0.286476</td>\n",
       "      <td>-0.016717</td>\n",
       "      <td>-0.105432</td>\n",
       "      <td>-0.058673</td>\n",
       "      <td>-0.010447</td>\n",
       "      <td>0.015488</td>\n",
       "      <td>1.000000</td>\n",
       "      <td>0.060861</td>\n",
       "      <td>0.238964</td>\n",
       "    </tr>\n",
       "    <tr>\n",
       "      <th>XEM</th>\n",
       "      <td>0.091478</td>\n",
       "      <td>0.145681</td>\n",
       "      <td>0.018457</td>\n",
       "      <td>0.330978</td>\n",
       "      <td>0.163011</td>\n",
       "      <td>0.103858</td>\n",
       "      <td>-0.067655</td>\n",
       "      <td>0.065690</td>\n",
       "      <td>0.287268</td>\n",
       "      <td>0.214017</td>\n",
       "      <td>0.060861</td>\n",
       "      <td>1.000000</td>\n",
       "      <td>0.199287</td>\n",
       "    </tr>\n",
       "    <tr>\n",
       "      <th>BTC</th>\n",
       "      <td>-0.006393</td>\n",
       "      <td>0.028127</td>\n",
       "      <td>0.083036</td>\n",
       "      <td>0.327627</td>\n",
       "      <td>0.692887</td>\n",
       "      <td>0.074689</td>\n",
       "      <td>-0.181522</td>\n",
       "      <td>-0.002486</td>\n",
       "      <td>-0.061217</td>\n",
       "      <td>0.054532</td>\n",
       "      <td>0.238964</td>\n",
       "      <td>0.199287</td>\n",
       "      <td>1.000000</td>\n",
       "    </tr>\n",
       "  </tbody>\n",
       "</table>\n",
       "</div>"
      ],
      "text/plain": [
       "            Gold    Silver      Yuan       ETH       LTC       XRP       ETC  \\\n",
       "Gold    1.000000  0.834779 -0.427144  0.103315  0.065376  0.134728  0.107322   \n",
       "Silver  0.834779  1.000000 -0.364850  0.075677  0.003224  0.080201  0.110966   \n",
       "Yuan   -0.427144 -0.364850  1.000000  0.015165  0.030578 -0.122779 -0.091774   \n",
       "ETH     0.103315  0.075677  0.015165  1.000000  0.349767  0.426771 -0.176678   \n",
       "LTC     0.065376  0.003224  0.030578  0.349767  1.000000  0.178248 -0.157617   \n",
       "XRP     0.134728  0.080201 -0.122779  0.426771  0.178248  1.000000 -0.145212   \n",
       "ETC     0.107322  0.110966 -0.091774 -0.176678 -0.157617 -0.145212  1.000000   \n",
       "STR     0.081200 -0.004311 -0.141322  0.132381  0.059303  0.441542 -0.117953   \n",
       "DASH   -0.032492 -0.086840 -0.008639  0.075252  0.012241 -0.029502 -0.027268   \n",
       "SC      0.140624  0.096363 -0.156561  0.260810  0.000692  0.139253 -0.016946   \n",
       "XMR    -0.030809  0.005021  0.244717  0.135812  0.286476 -0.016717 -0.105432   \n",
       "XEM     0.091478  0.145681  0.018457  0.330978  0.163011  0.103858 -0.067655   \n",
       "BTC    -0.006393  0.028127  0.083036  0.327627  0.692887  0.074689 -0.181522   \n",
       "\n",
       "             STR      DASH        SC       XMR       XEM       BTC  \n",
       "Gold    0.081200 -0.032492  0.140624 -0.030809  0.091478 -0.006393  \n",
       "Silver -0.004311 -0.086840  0.096363  0.005021  0.145681  0.028127  \n",
       "Yuan   -0.141322 -0.008639 -0.156561  0.244717  0.018457  0.083036  \n",
       "ETH     0.132381  0.075252  0.260810  0.135812  0.330978  0.327627  \n",
       "LTC     0.059303  0.012241  0.000692  0.286476  0.163011  0.692887  \n",
       "XRP     0.441542 -0.029502  0.139253 -0.016717  0.103858  0.074689  \n",
       "ETC    -0.117953 -0.027268 -0.016946 -0.105432 -0.067655 -0.181522  \n",
       "STR     1.000000  0.081874  0.050234 -0.058673  0.065690 -0.002486  \n",
       "DASH    0.081874  1.000000  0.080292 -0.010447  0.287268 -0.061217  \n",
       "SC      0.050234  0.080292  1.000000  0.015488  0.214017  0.054532  \n",
       "XMR    -0.058673 -0.010447  0.015488  1.000000  0.060861  0.238964  \n",
       "XEM     0.065690  0.287268  0.214017  0.060861  1.000000  0.199287  \n",
       "BTC    -0.002486 -0.061217  0.054532  0.238964  0.199287  1.000000  "
      ]
     },
     "execution_count": 86,
     "metadata": {},
     "output_type": "execute_result"
    }
   ],
   "source": [
    "# Calculate the pearson correlation coefficients for cryptocurrencies in 2016\n",
    "combined_df_2016 = data_full[data_full.index.year == 2016]\n",
    "combined_df_2016.pct_change().corr(method='pearson')"
   ]
  },
  {
   "cell_type": "code",
   "execution_count": 21,
   "metadata": {},
   "outputs": [
    {
     "name": "stderr",
     "output_type": "stream",
     "text": [
      "C:\\Users\\mnelz\\AppData\\Local\\Continuum\\anaconda3\\envs\\Keras-GPU\\lib\\site-packages\\ipykernel_launcher.py:4: FutureWarning:\n",
      "\n",
      "Method .as_matrix will be removed in a future version. Use .values instead.\n",
      "\n"
     ]
    },
    {
     "data": {
      "application/vnd.plotly.v1+json": {
       "config": {
        "linkText": "Export to plot.ly",
        "plotlyServerURL": "https://plot.ly",
        "showLink": false
       },
       "data": [
        {
         "colorbar": {
          "title": {
           "text": "Pearson Coefficient"
          }
         },
         "type": "heatmap",
         "x": [
          "Gold",
          "Silver",
          "Yuan",
          "ETH",
          "LTC",
          "XRP",
          "ETC",
          "STR",
          "DASH",
          "SC",
          "XMR",
          "XEM",
          "BTC"
         ],
         "y": [
          "Gold",
          "Silver",
          "Yuan",
          "ETH",
          "LTC",
          "XRP",
          "ETC",
          "STR",
          "DASH",
          "SC",
          "XMR",
          "XEM",
          "BTC"
         ],
         "z": [
          [
           1,
           0.8347792985693056,
           -0.4271435405509433,
           0.10331515625045387,
           0.06537643023446477,
           0.13472841924817214,
           0.10732176730621448,
           0.08120005433459321,
           -0.03249219012193351,
           0.14062422718334777,
           -0.030809076670296778,
           0.0914783704386725,
           -0.006392905098623688
          ],
          [
           0.8347792985693056,
           1,
           -0.3648497157755017,
           0.07567707133574825,
           0.003224095357499937,
           0.08020068246681061,
           0.11096598669629,
           -0.004311297531275181,
           -0.08684026666611515,
           0.09636277207246899,
           0.005021058690741331,
           0.1456810955893505,
           0.028127373026710572
          ],
          [
           -0.4271435405509433,
           -0.3648497157755017,
           1,
           0.015164625846466688,
           0.0305783323597592,
           -0.12277928923414523,
           -0.09177424155390851,
           -0.14132150881685338,
           -0.008639172700478495,
           -0.15656134832663526,
           0.24471706492477388,
           0.018457428271747074,
           0.08303568613351581
          ],
          [
           0.10331515625045387,
           0.07567707133574825,
           0.015164625846466688,
           1,
           0.3497669404607178,
           0.4267707012878262,
           -0.1766779140444461,
           0.1323812177064855,
           0.07525199253079468,
           0.26080999903619023,
           0.13581154773871287,
           0.33097756127410677,
           0.327627162884171
          ],
          [
           0.06537643023446477,
           0.003224095357499937,
           0.0305783323597592,
           0.3497669404607178,
           1,
           0.17824829632980208,
           -0.1576172129355855,
           0.05930305253571613,
           0.012240638200728376,
           0.0006921213278240927,
           0.2864761054398118,
           0.16301090406888094,
           0.6928873867394771
          ],
          [
           0.13472841924817214,
           0.08020068246681061,
           -0.12277928923414523,
           0.4267707012878262,
           0.17824829632980208,
           1,
           -0.14521247650453575,
           0.4415422739146897,
           -0.02950182425950325,
           0.13925342726672724,
           -0.016716939695400924,
           0.10385816299310147,
           0.07468943859022652
          ],
          [
           0.10732176730621448,
           0.11096598669629,
           -0.09177424155390851,
           -0.1766779140444461,
           -0.1576172129355855,
           -0.14521247650453575,
           1,
           -0.11795286511503889,
           -0.027267743236716702,
           -0.016945556173242008,
           -0.10543225764912223,
           -0.0676552082209819,
           -0.18152194115631895
          ],
          [
           0.08120005433459321,
           -0.004311297531275181,
           -0.14132150881685338,
           0.1323812177064855,
           0.05930305253571613,
           0.4415422739146897,
           -0.11795286511503889,
           1,
           0.08187390659325644,
           0.05023432630577622,
           -0.05867266822979496,
           0.06569030062567305,
           -0.002485620482300536
          ],
          [
           -0.03249219012193351,
           -0.08684026666611515,
           -0.008639172700478495,
           0.07525199253079468,
           0.012240638200728376,
           -0.02950182425950325,
           -0.027267743236716702,
           0.08187390659325644,
           1,
           0.08029180183179649,
           -0.010446893947941434,
           0.2872676364197281,
           -0.06121721001131735
          ],
          [
           0.14062422718334777,
           0.09636277207246899,
           -0.15656134832663526,
           0.26080999903619023,
           0.0006921213278240927,
           0.13925342726672724,
           -0.016945556173242008,
           0.05023432630577622,
           0.08029180183179649,
           1,
           0.015488102461391444,
           0.2140172806545449,
           0.05453216890941059
          ],
          [
           -0.030809076670296778,
           0.005021058690741331,
           0.24471706492477388,
           0.13581154773871287,
           0.2864761054398118,
           -0.016716939695400924,
           -0.10543225764912223,
           -0.05867266822979496,
           -0.010446893947941434,
           0.015488102461391444,
           1,
           0.06086087207722127,
           0.23896435973525598
          ],
          [
           0.0914783704386725,
           0.1456810955893505,
           0.018457428271747074,
           0.33097756127410677,
           0.16301090406888094,
           0.10385816299310147,
           -0.0676552082209819,
           0.06569030062567305,
           0.2872676364197281,
           0.2140172806545449,
           0.06086087207722127,
           1,
           0.19928696845648358
          ],
          [
           -0.006392905098623688,
           0.028127373026710572,
           0.08303568613351581,
           0.327627162884171,
           0.6928873867394771,
           0.07468943859022652,
           -0.18152194115631895,
           -0.002485620482300536,
           -0.06121721001131735,
           0.05453216890941059,
           0.23896435973525598,
           0.19928696845648358,
           1
          ]
         ],
         "zmax": 1,
         "zmin": -1
        }
       ],
       "layout": {
        "template": {
         "data": {
          "bar": [
           {
            "error_x": {
             "color": "#2a3f5f"
            },
            "error_y": {
             "color": "#2a3f5f"
            },
            "marker": {
             "line": {
              "color": "#E5ECF6",
              "width": 0.5
             }
            },
            "type": "bar"
           }
          ],
          "barpolar": [
           {
            "marker": {
             "line": {
              "color": "#E5ECF6",
              "width": 0.5
             }
            },
            "type": "barpolar"
           }
          ],
          "carpet": [
           {
            "aaxis": {
             "endlinecolor": "#2a3f5f",
             "gridcolor": "white",
             "linecolor": "white",
             "minorgridcolor": "white",
             "startlinecolor": "#2a3f5f"
            },
            "baxis": {
             "endlinecolor": "#2a3f5f",
             "gridcolor": "white",
             "linecolor": "white",
             "minorgridcolor": "white",
             "startlinecolor": "#2a3f5f"
            },
            "type": "carpet"
           }
          ],
          "choropleth": [
           {
            "colorbar": {
             "outlinewidth": 0,
             "ticks": ""
            },
            "type": "choropleth"
           }
          ],
          "contour": [
           {
            "colorbar": {
             "outlinewidth": 0,
             "ticks": ""
            },
            "colorscale": [
             [
              0,
              "#0d0887"
             ],
             [
              0.1111111111111111,
              "#46039f"
             ],
             [
              0.2222222222222222,
              "#7201a8"
             ],
             [
              0.3333333333333333,
              "#9c179e"
             ],
             [
              0.4444444444444444,
              "#bd3786"
             ],
             [
              0.5555555555555556,
              "#d8576b"
             ],
             [
              0.6666666666666666,
              "#ed7953"
             ],
             [
              0.7777777777777778,
              "#fb9f3a"
             ],
             [
              0.8888888888888888,
              "#fdca26"
             ],
             [
              1,
              "#f0f921"
             ]
            ],
            "type": "contour"
           }
          ],
          "contourcarpet": [
           {
            "colorbar": {
             "outlinewidth": 0,
             "ticks": ""
            },
            "type": "contourcarpet"
           }
          ],
          "heatmap": [
           {
            "colorbar": {
             "outlinewidth": 0,
             "ticks": ""
            },
            "colorscale": [
             [
              0,
              "#0d0887"
             ],
             [
              0.1111111111111111,
              "#46039f"
             ],
             [
              0.2222222222222222,
              "#7201a8"
             ],
             [
              0.3333333333333333,
              "#9c179e"
             ],
             [
              0.4444444444444444,
              "#bd3786"
             ],
             [
              0.5555555555555556,
              "#d8576b"
             ],
             [
              0.6666666666666666,
              "#ed7953"
             ],
             [
              0.7777777777777778,
              "#fb9f3a"
             ],
             [
              0.8888888888888888,
              "#fdca26"
             ],
             [
              1,
              "#f0f921"
             ]
            ],
            "type": "heatmap"
           }
          ],
          "heatmapgl": [
           {
            "colorbar": {
             "outlinewidth": 0,
             "ticks": ""
            },
            "colorscale": [
             [
              0,
              "#0d0887"
             ],
             [
              0.1111111111111111,
              "#46039f"
             ],
             [
              0.2222222222222222,
              "#7201a8"
             ],
             [
              0.3333333333333333,
              "#9c179e"
             ],
             [
              0.4444444444444444,
              "#bd3786"
             ],
             [
              0.5555555555555556,
              "#d8576b"
             ],
             [
              0.6666666666666666,
              "#ed7953"
             ],
             [
              0.7777777777777778,
              "#fb9f3a"
             ],
             [
              0.8888888888888888,
              "#fdca26"
             ],
             [
              1,
              "#f0f921"
             ]
            ],
            "type": "heatmapgl"
           }
          ],
          "histogram": [
           {
            "marker": {
             "colorbar": {
              "outlinewidth": 0,
              "ticks": ""
             }
            },
            "type": "histogram"
           }
          ],
          "histogram2d": [
           {
            "colorbar": {
             "outlinewidth": 0,
             "ticks": ""
            },
            "colorscale": [
             [
              0,
              "#0d0887"
             ],
             [
              0.1111111111111111,
              "#46039f"
             ],
             [
              0.2222222222222222,
              "#7201a8"
             ],
             [
              0.3333333333333333,
              "#9c179e"
             ],
             [
              0.4444444444444444,
              "#bd3786"
             ],
             [
              0.5555555555555556,
              "#d8576b"
             ],
             [
              0.6666666666666666,
              "#ed7953"
             ],
             [
              0.7777777777777778,
              "#fb9f3a"
             ],
             [
              0.8888888888888888,
              "#fdca26"
             ],
             [
              1,
              "#f0f921"
             ]
            ],
            "type": "histogram2d"
           }
          ],
          "histogram2dcontour": [
           {
            "colorbar": {
             "outlinewidth": 0,
             "ticks": ""
            },
            "colorscale": [
             [
              0,
              "#0d0887"
             ],
             [
              0.1111111111111111,
              "#46039f"
             ],
             [
              0.2222222222222222,
              "#7201a8"
             ],
             [
              0.3333333333333333,
              "#9c179e"
             ],
             [
              0.4444444444444444,
              "#bd3786"
             ],
             [
              0.5555555555555556,
              "#d8576b"
             ],
             [
              0.6666666666666666,
              "#ed7953"
             ],
             [
              0.7777777777777778,
              "#fb9f3a"
             ],
             [
              0.8888888888888888,
              "#fdca26"
             ],
             [
              1,
              "#f0f921"
             ]
            ],
            "type": "histogram2dcontour"
           }
          ],
          "mesh3d": [
           {
            "colorbar": {
             "outlinewidth": 0,
             "ticks": ""
            },
            "type": "mesh3d"
           }
          ],
          "parcoords": [
           {
            "line": {
             "colorbar": {
              "outlinewidth": 0,
              "ticks": ""
             }
            },
            "type": "parcoords"
           }
          ],
          "scatter": [
           {
            "marker": {
             "colorbar": {
              "outlinewidth": 0,
              "ticks": ""
             }
            },
            "type": "scatter"
           }
          ],
          "scatter3d": [
           {
            "line": {
             "colorbar": {
              "outlinewidth": 0,
              "ticks": ""
             }
            },
            "marker": {
             "colorbar": {
              "outlinewidth": 0,
              "ticks": ""
             }
            },
            "type": "scatter3d"
           }
          ],
          "scattercarpet": [
           {
            "marker": {
             "colorbar": {
              "outlinewidth": 0,
              "ticks": ""
             }
            },
            "type": "scattercarpet"
           }
          ],
          "scattergeo": [
           {
            "marker": {
             "colorbar": {
              "outlinewidth": 0,
              "ticks": ""
             }
            },
            "type": "scattergeo"
           }
          ],
          "scattergl": [
           {
            "marker": {
             "colorbar": {
              "outlinewidth": 0,
              "ticks": ""
             }
            },
            "type": "scattergl"
           }
          ],
          "scattermapbox": [
           {
            "marker": {
             "colorbar": {
              "outlinewidth": 0,
              "ticks": ""
             }
            },
            "type": "scattermapbox"
           }
          ],
          "scatterpolar": [
           {
            "marker": {
             "colorbar": {
              "outlinewidth": 0,
              "ticks": ""
             }
            },
            "type": "scatterpolar"
           }
          ],
          "scatterpolargl": [
           {
            "marker": {
             "colorbar": {
              "outlinewidth": 0,
              "ticks": ""
             }
            },
            "type": "scatterpolargl"
           }
          ],
          "scatterternary": [
           {
            "marker": {
             "colorbar": {
              "outlinewidth": 0,
              "ticks": ""
             }
            },
            "type": "scatterternary"
           }
          ],
          "surface": [
           {
            "colorbar": {
             "outlinewidth": 0,
             "ticks": ""
            },
            "colorscale": [
             [
              0,
              "#0d0887"
             ],
             [
              0.1111111111111111,
              "#46039f"
             ],
             [
              0.2222222222222222,
              "#7201a8"
             ],
             [
              0.3333333333333333,
              "#9c179e"
             ],
             [
              0.4444444444444444,
              "#bd3786"
             ],
             [
              0.5555555555555556,
              "#d8576b"
             ],
             [
              0.6666666666666666,
              "#ed7953"
             ],
             [
              0.7777777777777778,
              "#fb9f3a"
             ],
             [
              0.8888888888888888,
              "#fdca26"
             ],
             [
              1,
              "#f0f921"
             ]
            ],
            "type": "surface"
           }
          ],
          "table": [
           {
            "cells": {
             "fill": {
              "color": "#EBF0F8"
             },
             "line": {
              "color": "white"
             }
            },
            "header": {
             "fill": {
              "color": "#C8D4E3"
             },
             "line": {
              "color": "white"
             }
            },
            "type": "table"
           }
          ]
         },
         "layout": {
          "annotationdefaults": {
           "arrowcolor": "#2a3f5f",
           "arrowhead": 0,
           "arrowwidth": 1
          },
          "colorscale": {
           "diverging": [
            [
             0,
             "#8e0152"
            ],
            [
             0.1,
             "#c51b7d"
            ],
            [
             0.2,
             "#de77ae"
            ],
            [
             0.3,
             "#f1b6da"
            ],
            [
             0.4,
             "#fde0ef"
            ],
            [
             0.5,
             "#f7f7f7"
            ],
            [
             0.6,
             "#e6f5d0"
            ],
            [
             0.7,
             "#b8e186"
            ],
            [
             0.8,
             "#7fbc41"
            ],
            [
             0.9,
             "#4d9221"
            ],
            [
             1,
             "#276419"
            ]
           ],
           "sequential": [
            [
             0,
             "#0d0887"
            ],
            [
             0.1111111111111111,
             "#46039f"
            ],
            [
             0.2222222222222222,
             "#7201a8"
            ],
            [
             0.3333333333333333,
             "#9c179e"
            ],
            [
             0.4444444444444444,
             "#bd3786"
            ],
            [
             0.5555555555555556,
             "#d8576b"
            ],
            [
             0.6666666666666666,
             "#ed7953"
            ],
            [
             0.7777777777777778,
             "#fb9f3a"
            ],
            [
             0.8888888888888888,
             "#fdca26"
            ],
            [
             1,
             "#f0f921"
            ]
           ],
           "sequentialminus": [
            [
             0,
             "#0d0887"
            ],
            [
             0.1111111111111111,
             "#46039f"
            ],
            [
             0.2222222222222222,
             "#7201a8"
            ],
            [
             0.3333333333333333,
             "#9c179e"
            ],
            [
             0.4444444444444444,
             "#bd3786"
            ],
            [
             0.5555555555555556,
             "#d8576b"
            ],
            [
             0.6666666666666666,
             "#ed7953"
            ],
            [
             0.7777777777777778,
             "#fb9f3a"
            ],
            [
             0.8888888888888888,
             "#fdca26"
            ],
            [
             1,
             "#f0f921"
            ]
           ]
          },
          "colorway": [
           "#636efa",
           "#EF553B",
           "#00cc96",
           "#ab63fa",
           "#FFA15A",
           "#19d3f3",
           "#FF6692",
           "#B6E880",
           "#FF97FF",
           "#FECB52"
          ],
          "font": {
           "color": "#2a3f5f"
          },
          "geo": {
           "bgcolor": "white",
           "lakecolor": "white",
           "landcolor": "#E5ECF6",
           "showlakes": true,
           "showland": true,
           "subunitcolor": "white"
          },
          "hoverlabel": {
           "align": "left"
          },
          "hovermode": "closest",
          "mapbox": {
           "style": "light"
          },
          "paper_bgcolor": "white",
          "plot_bgcolor": "#E5ECF6",
          "polar": {
           "angularaxis": {
            "gridcolor": "white",
            "linecolor": "white",
            "ticks": ""
           },
           "bgcolor": "#E5ECF6",
           "radialaxis": {
            "gridcolor": "white",
            "linecolor": "white",
            "ticks": ""
           }
          },
          "scene": {
           "xaxis": {
            "backgroundcolor": "#E5ECF6",
            "gridcolor": "white",
            "gridwidth": 2,
            "linecolor": "white",
            "showbackground": true,
            "ticks": "",
            "zerolinecolor": "white"
           },
           "yaxis": {
            "backgroundcolor": "#E5ECF6",
            "gridcolor": "white",
            "gridwidth": 2,
            "linecolor": "white",
            "showbackground": true,
            "ticks": "",
            "zerolinecolor": "white"
           },
           "zaxis": {
            "backgroundcolor": "#E5ECF6",
            "gridcolor": "white",
            "gridwidth": 2,
            "linecolor": "white",
            "showbackground": true,
            "ticks": "",
            "zerolinecolor": "white"
           }
          },
          "shapedefaults": {
           "line": {
            "color": "#2a3f5f"
           }
          },
          "ternary": {
           "aaxis": {
            "gridcolor": "white",
            "linecolor": "white",
            "ticks": ""
           },
           "baxis": {
            "gridcolor": "white",
            "linecolor": "white",
            "ticks": ""
           },
           "bgcolor": "#E5ECF6",
           "caxis": {
            "gridcolor": "white",
            "linecolor": "white",
            "ticks": ""
           }
          },
          "title": {
           "x": 0.05
          },
          "xaxis": {
           "automargin": true,
           "gridcolor": "white",
           "linecolor": "white",
           "ticks": "",
           "zerolinecolor": "white",
           "zerolinewidth": 2
          },
          "yaxis": {
           "automargin": true,
           "gridcolor": "white",
           "linecolor": "white",
           "ticks": "",
           "zerolinecolor": "white",
           "zerolinewidth": 2
          }
         }
        },
        "title": {
         "text": "Cryptocurrency Correlations in 2016"
        }
       }
      },
      "text/html": [
       "<div>\n",
       "        \n",
       "        \n",
       "            <div id=\"80a8eb89-dfca-48eb-bc13-b3b0f03cf08d\" class=\"plotly-graph-div\" style=\"height:525px; width:100%;\"></div>\n",
       "            <script type=\"text/javascript\">\n",
       "                require([\"plotly\"], function(Plotly) {\n",
       "                    window.PLOTLYENV=window.PLOTLYENV || {};\n",
       "                    \n",
       "                if (document.getElementById(\"80a8eb89-dfca-48eb-bc13-b3b0f03cf08d\")) {\n",
       "                    Plotly.newPlot(\n",
       "                        '80a8eb89-dfca-48eb-bc13-b3b0f03cf08d',\n",
