{
 "cells": [
  {
   "cell_type": "markdown",
   "metadata": {},
   "source": [
    "# Timeseries-Analysis on Cryptocurrency\n",
    "## load Data"
   ]
  },
  {
   "cell_type": "code",
   "execution_count": 103,
   "metadata": {},
   "outputs": [
    {
     "data": {
      "text/html": [
       "        <script type=\"text/javascript\">\n",
       "        window.PlotlyConfig = {MathJaxConfig: 'local'};\n",
       "        if (window.MathJax) {MathJax.Hub.Config({SVG: {font: \"STIX-Web\"}});}\n",
       "        if (typeof require !== 'undefined') {\n",
       "        require.undef(\"plotly\");\n",
       "        requirejs.config({\n",
       "            paths: {\n",
       "                'plotly': ['https://cdn.plot.ly/plotly-2.4.2.min']\n",
       "            }\n",
       "        });\n",
       "        require(['plotly'], function(Plotly) {\n",
       "            window._Plotly = Plotly;\n",
       "        });\n",
       "        }\n",
       "        </script>\n",
       "        "
      ]
     },
     "metadata": {},
     "output_type": "display_data"
    }
   ],
   "source": [
    "import os\n",
    "import numpy as np\n",
    "import pandas as pd\n",
    "from statsmodels.tsa.seasonal import seasonal_decompose\n",
    "from statsmodels.tsa.stattools import adfuller, kpss\n",
    "from statsmodels.tsa.arima.model import ARIMA\n",
    "from statsmodels.tsa.statespace.sarimax import SARIMAX\n",
    "from statsmodels.tsa.holtwinters import ExponentialSmoothing\n",
    "from statsmodels.graphics.tsaplots import plot_acf, plot_pacf\n",
    "from random import random\n",
    "from scipy import signal\n",
    "from dateutil.parser import parse\n",
    "#from pandas import read_csv\n",
    "#from matplotlib import pyplot\n",
    "import pickle\n",
    "import quandl\n",
    "from datetime import datetime, timedelta, date\n",
    "import plotly.offline as py\n",
    "import plotly.graph_objs as go\n",
    "import plotly.figure_factory as ff\n",
    "import matplotlib.pyplot as plt\n",
    "\n",
    "py.init_notebook_mode(connected=True)"
   ]
  },
  {
   "cell_type": "code",
   "execution_count": 104,
   "metadata": {},
   "outputs": [
    {
     "name": "stdout",
     "output_type": "stream",
     "text": [
      "2016-07-25 00:00:00\n",
      "2016-07-26 00:00:00\n",
      "2016-07-27 00:00:00\n",
      "2016-07-28 00:00:00\n",
      "2016-07-29 00:00:00\n",
      "2016-07-30 00:00:00\n",
      "2016-07-31 00:00:00\n",
      "2016-08-01 00:00:00\n",
      "2016-08-02 00:00:00\n",
      "2016-08-03 00:00:00\n"
     ]
    },
    {
     "data": {
      "text/plain": [
       "DatetimeIndex(['2016-07-25', '2016-07-26', '2016-07-27', '2016-07-28',\n",
       "               '2016-07-29', '2016-07-30', '2016-07-31', '2016-08-01',\n",
       "               '2016-08-02', '2016-08-03'],\n",
       "              dtype='datetime64[ns]', name='Date', freq=None)"
      ]
     },
     "execution_count": 104,
     "metadata": {},
     "output_type": "execute_result"
    }
   ],
   "source": [
    "data_full = pd.read_csv('../artifacts/data_full.csv')\n",
    "#data_full['Date'] = pd.to_datetime(data_full['Date'])\n",
    "data_full['Date'] = [pd.to_datetime(str(x) + ' 00:00:00',format = '%Y-%m-%d %H:%M:%S') for x in data_full['Date']] \n",
    "for x in data_full['Date'][:10]:\n",
    "    print(str(x))\n",
    "data_full = data_full.set_index('Date')\n",
    "data_full.index = pd.to_datetime(data_full.index,format = '%Y-%m-%d %H:%M:%S')\n",
    "data_full.index[:10]"
   ]
  },
  {
   "cell_type": "code",
   "execution_count": 105,
   "metadata": {},
   "outputs": [],
   "source": [
    "combined_df_2016 = data_full[data_full.index.year == 2016]"
   ]
  },
  {
   "cell_type": "code",
   "execution_count": 106,
   "metadata": {},
   "outputs": [
    {
     "data": {
      "text/html": [
       "<div>\n",
       "<style scoped>\n",
       "    .dataframe tbody tr th:only-of-type {\n",
       "        vertical-align: middle;\n",
       "    }\n",
       "\n",
       "    .dataframe tbody tr th {\n",
       "        vertical-align: top;\n",
       "    }\n",
       "\n",
       "    .dataframe thead th {\n",
       "        text-align: right;\n",
       "    }\n",
       "</style>\n",
       "<table border=\"1\" class=\"dataframe\">\n",
       "  <thead>\n",
       "    <tr style=\"text-align: right;\">\n",
       "      <th></th>\n",
       "      <th>Unnamed: 0</th>\n",
       "      <th>Gold</th>\n",
       "      <th>Silver</th>\n",
       "      <th>Yuan</th>\n",
       "      <th>ETH</th>\n",
       "      <th>LTC</th>\n",
       "      <th>XRP</th>\n",
       "      <th>ETC</th>\n",
       "      <th>STR</th>\n",
       "      <th>DASH</th>\n",
       "      <th>SC</th>\n",
       "      <th>XMR</th>\n",
       "      <th>XEM</th>\n",
       "      <th>BTC</th>\n",
       "    </tr>\n",
       "  </thead>\n",
       "  <tbody>\n",
       "    <tr>\n",
       "      <th>Unnamed: 0</th>\n",
       "      <td>1.000000</td>\n",
       "      <td>0.109197</td>\n",
       "      <td>0.080871</td>\n",
       "      <td>-0.153836</td>\n",
       "      <td>0.006268</td>\n",
       "      <td>-0.039258</td>\n",
       "      <td>-0.004460</td>\n",
       "      <td>0.017199</td>\n",
       "      <td>-0.029455</td>\n",
       "      <td>0.131643</td>\n",
       "      <td>0.003786</td>\n",
       "      <td>0.021641</td>\n",
       "      <td>-0.020724</td>\n",
       "      <td>-0.122195</td>\n",
       "    </tr>\n",
       "    <tr>\n",
       "      <th>Gold</th>\n",
       "      <td>0.109197</td>\n",
       "      <td>1.000000</td>\n",
       "      <td>0.816994</td>\n",
       "      <td>-0.400680</td>\n",
       "      <td>0.061153</td>\n",
       "      <td>0.021064</td>\n",
       "      <td>0.092328</td>\n",
       "      <td>0.091568</td>\n",
       "      <td>-0.006155</td>\n",
       "      <td>-0.081376</td>\n",
       "      <td>0.145112</td>\n",
       "      <td>-0.063484</td>\n",
       "      <td>-0.062300</td>\n",
       "      <td>-0.006501</td>\n",
       "    </tr>\n",
       "    <tr>\n",
       "      <th>Silver</th>\n",
       "      <td>0.080871</td>\n",
       "      <td>0.816994</td>\n",
       "      <td>1.000000</td>\n",
       "      <td>-0.335391</td>\n",
       "      <td>0.053671</td>\n",
       "      <td>-0.007755</td>\n",
       "      <td>0.045048</td>\n",
       "      <td>0.094895</td>\n",
       "      <td>-0.078182</td>\n",
       "      <td>-0.114014</td>\n",
       "      <td>0.088913</td>\n",
       "      <td>-0.037266</td>\n",
       "      <td>0.015487</td>\n",
       "      <td>0.015669</td>\n",
       "    </tr>\n",
       "    <tr>\n",
       "      <th>Yuan</th>\n",
       "      <td>-0.153836</td>\n",
       "      <td>-0.400680</td>\n",
       "      <td>-0.335391</td>\n",
       "      <td>1.000000</td>\n",
       "      <td>0.013123</td>\n",
       "      <td>0.031666</td>\n",
       "      <td>-0.092114</td>\n",
       "      <td>-0.072479</td>\n",
       "      <td>-0.115053</td>\n",
       "      <td>0.072406</td>\n",
       "      <td>-0.159571</td>\n",
       "      <td>0.111012</td>\n",
       "      <td>0.119244</td>\n",
       "      <td>0.041655</td>\n",
       "    </tr>\n",
       "    <tr>\n",
       "      <th>ETH</th>\n",
       "      <td>0.006268</td>\n",
       "      <td>0.061153</td>\n",
       "      <td>0.053671</td>\n",
       "      <td>0.013123</td>\n",
       "      <td>1.000000</td>\n",
       "      <td>0.345344</td>\n",
       "      <td>0.440755</td>\n",
       "      <td>-0.182917</td>\n",
       "      <td>0.111281</td>\n",
       "      <td>0.173641</td>\n",
       "      <td>0.263811</td>\n",
       "      <td>0.219352</td>\n",
       "      <td>0.340521</td>\n",
       "      <td>0.364203</td>\n",
       "    </tr>\n",
       "    <tr>\n",
       "      <th>LTC</th>\n",
       "      <td>-0.039258</td>\n",
       "      <td>0.021064</td>\n",
       "      <td>-0.007755</td>\n",
       "      <td>0.031666</td>\n",
       "      <td>0.345344</td>\n",
       "      <td>1.000000</td>\n",
       "      <td>0.175509</td>\n",
       "      <td>-0.163691</td>\n",
       "      <td>0.070436</td>\n",
       "      <td>0.035801</td>\n",
       "      <td>-0.011061</td>\n",
       "      <td>0.307626</td>\n",
       "      <td>0.133253</td>\n",
       "      <td>0.681718</td>\n",
       "    </tr>\n",
       "    <tr>\n",
       "      <th>XRP</th>\n",
       "      <td>-0.004460</td>\n",
       "      <td>0.092328</td>\n",
       "      <td>0.045048</td>\n",
       "      <td>-0.092114</td>\n",
       "      <td>0.440755</td>\n",
       "      <td>0.175509</td>\n",
       "      <td>1.000000</td>\n",
       "      <td>-0.160552</td>\n",
       "      <td>0.384092</td>\n",
       "      <td>0.069388</td>\n",
       "      <td>0.156195</td>\n",
       "      <td>0.045570</td>\n",
       "      <td>0.145537</td>\n",
       "      <td>0.068932</td>\n",
       "    </tr>\n",
       "    <tr>\n",
       "      <th>ETC</th>\n",
       "      <td>0.017199</td>\n",
       "      <td>0.091568</td>\n",
       "      <td>0.094895</td>\n",
       "      <td>-0.072479</td>\n",
       "      <td>-0.182917</td>\n",
       "      <td>-0.163691</td>\n",
       "      <td>-0.160552</td>\n",
       "      <td>1.000000</td>\n",
       "      <td>-0.120444</td>\n",
       "      <td>-0.050094</td>\n",
       "      <td>-0.020187</td>\n",
       "      <td>-0.113886</td>\n",
       "      <td>-0.085483</td>\n",
       "      <td>-0.177028</td>\n",
       "    </tr>\n",
       "    <tr>\n",
       "      <th>STR</th>\n",
       "      <td>-0.029455</td>\n",
       "      <td>-0.006155</td>\n",
       "      <td>-0.078182</td>\n",
       "      <td>-0.115053</td>\n",
       "      <td>0.111281</td>\n",
       "      <td>0.070436</td>\n",
       "      <td>0.384092</td>\n",
       "      <td>-0.120444</td>\n",
       "      <td>1.000000</td>\n",
       "      <td>0.114370</td>\n",
       "      <td>0.038892</td>\n",
       "      <td>-0.035293</td>\n",
       "      <td>0.051242</td>\n",
       "      <td>0.027521</td>\n",
       "    </tr>\n",
       "    <tr>\n",
       "      <th>DASH</th>\n",
       "      <td>0.131643</td>\n",
       "      <td>-0.081376</td>\n",
       "      <td>-0.114014</td>\n",
       "      <td>0.072406</td>\n",
       "      <td>0.173641</td>\n",
       "      <td>0.035801</td>\n",
       "      <td>0.069388</td>\n",
       "      <td>-0.050094</td>\n",
       "      <td>0.114370</td>\n",
       "      <td>1.000000</td>\n",
       "      <td>0.095639</td>\n",
       "      <td>0.039306</td>\n",
       "      <td>0.272601</td>\n",
       "      <td>-0.017666</td>\n",
       "    </tr>\n",
       "    <tr>\n",
       "      <th>SC</th>\n",
       "      <td>0.003786</td>\n",
       "      <td>0.145112</td>\n",
       "      <td>0.088913</td>\n",
       "      <td>-0.159571</td>\n",
       "      <td>0.263811</td>\n",
       "      <td>-0.011061</td>\n",
       "      <td>0.156195</td>\n",
       "      <td>-0.020187</td>\n",
       "      <td>0.038892</td>\n",
       "      <td>0.095639</td>\n",
       "      <td>1.000000</td>\n",
       "      <td>0.016306</td>\n",
       "      <td>0.212998</td>\n",
       "      <td>0.041630</td>\n",
       "    </tr>\n",
       "    <tr>\n",
       "      <th>XMR</th>\n",
       "      <td>0.021641</td>\n",
       "      <td>-0.063484</td>\n",
       "      <td>-0.037266</td>\n",
       "      <td>0.111012</td>\n",
       "      <td>0.219352</td>\n",
       "      <td>0.307626</td>\n",
       "      <td>0.045570</td>\n",
       "      <td>-0.113886</td>\n",
       "      <td>-0.035293</td>\n",
       "      <td>0.039306</td>\n",
       "      <td>0.016306</td>\n",
       "      <td>1.000000</td>\n",
       "      <td>0.108232</td>\n",
       "      <td>0.235799</td>\n",
       "    </tr>\n",
       "    <tr>\n",
       "      <th>XEM</th>\n",
       "      <td>-0.020724</td>\n",
       "      <td>-0.062300</td>\n",
       "      <td>0.015487</td>\n",
       "      <td>0.119244</td>\n",
       "      <td>0.340521</td>\n",
       "      <td>0.133253</td>\n",
       "      <td>0.145537</td>\n",
       "      <td>-0.085483</td>\n",
       "      <td>0.051242</td>\n",
       "      <td>0.272601</td>\n",
       "      <td>0.212998</td>\n",
       "      <td>0.108232</td>\n",
       "      <td>1.000000</td>\n",
       "      <td>0.198998</td>\n",
       "    </tr>\n",
       "    <tr>\n",
       "      <th>BTC</th>\n",
       "      <td>-0.122195</td>\n",
       "      <td>-0.006501</td>\n",
       "      <td>0.015669</td>\n",
       "      <td>0.041655</td>\n",
       "      <td>0.364203</td>\n",
       "      <td>0.681718</td>\n",
       "      <td>0.068932</td>\n",
       "      <td>-0.177028</td>\n",
       "      <td>0.027521</td>\n",
       "      <td>-0.017666</td>\n",
       "      <td>0.041630</td>\n",
       "      <td>0.235799</td>\n",
       "      <td>0.198998</td>\n",
       "      <td>1.000000</td>\n",
       "    </tr>\n",
       "  </tbody>\n",
       "</table>\n",
       "</div>"
      ],
      "text/plain": [
       "            Unnamed: 0      Gold    Silver      Yuan       ETH       LTC  \\\n",
       "Unnamed: 0    1.000000  0.109197  0.080871 -0.153836  0.006268 -0.039258   \n",
       "Gold          0.109197  1.000000  0.816994 -0.400680  0.061153  0.021064   \n",
       "Silver        0.080871  0.816994  1.000000 -0.335391  0.053671 -0.007755   \n",
       "Yuan         -0.153836 -0.400680 -0.335391  1.000000  0.013123  0.031666   \n",
       "ETH           0.006268  0.061153  0.053671  0.013123  1.000000  0.345344   \n",
       "LTC          -0.039258  0.021064 -0.007755  0.031666  0.345344  1.000000   \n",
       "XRP          -0.004460  0.092328  0.045048 -0.092114  0.440755  0.175509   \n",
       "ETC           0.017199  0.091568  0.094895 -0.072479 -0.182917 -0.163691   \n",
       "STR          -0.029455 -0.006155 -0.078182 -0.115053  0.111281  0.070436   \n",
       "DASH          0.131643 -0.081376 -0.114014  0.072406  0.173641  0.035801   \n",
       "SC            0.003786  0.145112  0.088913 -0.159571  0.263811 -0.011061   \n",
       "XMR           0.021641 -0.063484 -0.037266  0.111012  0.219352  0.307626   \n",
       "XEM          -0.020724 -0.062300  0.015487  0.119244  0.340521  0.133253   \n",
       "BTC          -0.122195 -0.006501  0.015669  0.041655  0.364203  0.681718   \n",
       "\n",
       "                 XRP       ETC       STR      DASH        SC       XMR  \\\n",
       "Unnamed: 0 -0.004460  0.017199 -0.029455  0.131643  0.003786  0.021641   \n",
       "Gold        0.092328  0.091568 -0.006155 -0.081376  0.145112 -0.063484   \n",
       "Silver      0.045048  0.094895 -0.078182 -0.114014  0.088913 -0.037266   \n",
       "Yuan       -0.092114 -0.072479 -0.115053  0.072406 -0.159571  0.111012   \n",
       "ETH         0.440755 -0.182917  0.111281  0.173641  0.263811  0.219352   \n",
       "LTC         0.175509 -0.163691  0.070436  0.035801 -0.011061  0.307626   \n",
       "XRP         1.000000 -0.160552  0.384092  0.069388  0.156195  0.045570   \n",
       "ETC        -0.160552  1.000000 -0.120444 -0.050094 -0.020187 -0.113886   \n",
       "STR         0.384092 -0.120444  1.000000  0.114370  0.038892 -0.035293   \n",
       "DASH        0.069388 -0.050094  0.114370  1.000000  0.095639  0.039306   \n",
       "SC          0.156195 -0.020187  0.038892  0.095639  1.000000  0.016306   \n",
       "XMR         0.045570 -0.113886 -0.035293  0.039306  0.016306  1.000000   \n",
       "XEM         0.145537 -0.085483  0.051242  0.272601  0.212998  0.108232   \n",
       "BTC         0.068932 -0.177028  0.027521 -0.017666  0.041630  0.235799   \n",
       "\n",
       "                 XEM       BTC  \n",
       "Unnamed: 0 -0.020724 -0.122195  \n",
       "Gold       -0.062300 -0.006501  \n",
       "Silver      0.015487  0.015669  \n",
       "Yuan        0.119244  0.041655  \n",
       "ETH         0.340521  0.364203  \n",
       "LTC         0.133253  0.681718  \n",
       "XRP         0.145537  0.068932  \n",
       "ETC        -0.085483 -0.177028  \n",
       "STR         0.051242  0.027521  \n",
       "DASH        0.272601 -0.017666  \n",
       "SC          0.212998  0.041630  \n",
       "XMR         0.108232  0.235799  \n",
       "XEM         1.000000  0.198998  \n",
       "BTC         0.198998  1.000000  "
      ]
     },
     "execution_count": 106,
     "metadata": {},
     "output_type": "execute_result"
    }
   ],
   "source": [
    "# Calculate the pearson correlation coefficients for cryptocurrencies in 2016\n",
    "combined_df_2016 = data_full[data_full.index.year == 2016]\n",
    "combined_df_2016.pct_change().corr(method='pearson')"
   ]
  },
  {
   "cell_type": "code",
   "execution_count": 107,
   "metadata": {},
   "outputs": [
    {
     "data": {
      "application/vnd.plotly.v1+json": {
       "config": {
        "linkText": "Export to plot.ly",
        "plotlyServerURL": "https://plot.ly",
        "showLink": false
       },
       "data": [
        {
         "colorbar": {
          "title": {
           "text": "Pearson Coefficient"
          }
         },
         "type": "heatmap",
         "x": [
          "Unnamed: 0",
          "Gold",
          "Silver",
          "Yuan",
          "ETH",
          "LTC",
          "XRP",
          "ETC",
          "STR",
          "DASH",
          "SC",
          "XMR",
          "XEM",
          "BTC"
         ],
         "y": [
          "Unnamed: 0",
          "Gold",
          "Silver",
          "Yuan",
          "ETH",
          "LTC",
          "XRP",
          "ETC",
          "STR",
          "DASH",
          "SC",
          "XMR",
          "XEM",
          "BTC"
         ],
         "z": [
          [
           1,
           0.10919743004749068,
           0.0808707060135811,
           -0.15383561309845786,
           0.006267857260687982,
           -0.039257811952262536,
           -0.00446046048067047,
           0.01719945697295563,
           -0.02945451714863363,
           0.1316430895777093,
           0.003786101932310365,
           0.021641001469561914,
           -0.02072377188968141,
           -0.12219519991273017
          ],
          [
           0.10919743004749068,
           1,
           0.8169940569906143,
           -0.400679644923916,
           0.06115330923516331,
           0.021063555278170793,
           0.09232785618940471,
           0.09156776625726497,
           -0.0061547366353013324,
           -0.0813764502989934,
           0.1451122510289305,
           -0.06348417618316159,
           -0.06229951413553735,
           -0.006500759842057458
          ],
          [
           0.0808707060135811,
           0.8169940569906143,
           1,
           -0.3353907590371371,
           0.053670668938122106,
           -0.007755390963180148,
           0.04504796791379298,
           0.09489548404543093,
           -0.07818176219050893,
           -0.11401357520791795,
           0.0889126244674851,
           -0.03726584362604348,
           0.015487294195359927,
           0.01566860188349766
          ],
          [
           -0.15383561309845786,
           -0.400679644923916,
           -0.3353907590371371,
           1,
           0.013122630961776932,
           0.03166591976655612,
           -0.09211435942914911,
           -0.0724788801411385,
           -0.11505296590131027,
           0.07240565864537184,
           -0.1595709872849458,
           0.11101223134273723,
           0.1192435716603111,
           0.04165537931700897
          ],
          [
           0.006267857260687982,
           0.06115330923516331,
           0.053670668938122106,
           0.013122630961776932,
           1,
           0.34534397400250383,
           0.44075476013260195,
           -0.18291737262158603,
           0.1112808377637268,
           0.1736411849114977,
           0.2638105508722118,
           0.2193517977621436,
           0.3405208468952229,
           0.36420268480587503
          ],
          [
           -0.039257811952262536,
           0.021063555278170793,
           -0.007755390963180148,
           0.03166591976655612,
           0.34534397400250383,
           1,
           0.17550908056904202,
           -0.1636906848343948,
           0.07043572431115469,
           0.03580132766629693,
           -0.011060526239198051,
           0.3076260365164712,
           0.13325347157212022,
           0.6817177318009457
          ],
          [
           -0.00446046048067047,
           0.09232785618940471,
           0.04504796791379298,
           -0.09211435942914911,
           0.44075476013260195,
           0.17550908056904202,
           1,
           -0.16055225707500553,
           0.3840922873430712,
           0.06938826237773837,
           0.1561945373321557,
           0.04556985811314826,
           0.14553714482399843,
           0.06893219719681998
          ],
          [
           0.01719945697295563,
           0.09156776625726497,
           0.09489548404543093,
           -0.0724788801411385,
           -0.18291737262158603,
           -0.1636906848343948,
           -0.16055225707500553,
           1,
           -0.12044368618807816,
           -0.0500942020505125,
           -0.020186842696641574,
           -0.11388591770317034,
           -0.08548282072839239,
           -0.17702827971576585
          ],
          [
           -0.02945451714863363,
           -0.0061547366353013324,
           -0.07818176219050893,
           -0.11505296590131027,
           0.1112808377637268,
           0.07043572431115469,
           0.3840922873430712,
           -0.12044368618807816,
           1,
           0.114370440141705,
           0.03889183712514116,
           -0.03529317345327147,
           0.05124162438598269,
           0.027520778933656776
          ],
          [
           0.1316430895777093,
           -0.0813764502989934,
           -0.11401357520791795,
           0.07240565864537184,
           0.1736411849114977,
           0.03580132766629693,
           0.06938826237773837,
           -0.0500942020505125,
           0.114370440141705,
           1,
           0.09563908894026969,
           0.039305929686118755,
           0.27260118347476436,
           -0.017666450124335802
          ],
          [
           0.003786101932310365,
           0.1451122510289305,
           0.0889126244674851,
           -0.1595709872849458,
           0.2638105508722118,
           -0.011060526239198051,
           0.1561945373321557,
           -0.020186842696641574,
           0.03889183712514116,
           0.09563908894026969,
           1,
           0.016305521639766975,
           0.21299753595297208,
           0.041629884852671335
          ],
          [
           0.021641001469561914,
           -0.06348417618316159,
           -0.03726584362604348,
           0.11101223134273723,
           0.2193517977621436,
           0.3076260365164712,
           0.04556985811314826,
           -0.11388591770317034,
           -0.03529317345327147,
           0.039305929686118755,
           0.016305521639766975,
           1,
           0.10823200047288106,
           0.23579948752044946
          ],
          [
           -0.02072377188968141,
           -0.06229951413553735,
           0.015487294195359927,
           0.1192435716603111,
           0.3405208468952229,
           0.13325347157212022,
           0.14553714482399843,
           -0.08548282072839239,
           0.05124162438598269,
           0.27260118347476436,
           0.21299753595297208,
           0.10823200047288106,
           1,
           0.19899835200652988
          ],
          [
           -0.12219519991273017,
           -0.006500759842057458,
           0.01566860188349766,
           0.04165537931700897,
           0.36420268480587503,
           0.6817177318009457,
           0.06893219719681998,
           -0.17702827971576585,
           0.027520778933656776,
           -0.017666450124335802,
           0.041629884852671335,
           0.23579948752044946,
           0.19899835200652988,
           1
          ]
         ],
         "zmax": 1,
         "zmin": -1
        }
       ],
       "layout": {
        "template": {
         "data": {
          "bar": [
           {
            "error_x": {
             "color": "#2a3f5f"
            },
            "error_y": {
             "color": "#2a3f5f"
            },
            "marker": {
             "line": {
              "color": "#E5ECF6",
              "width": 0.5
             },
             "pattern": {
              "fillmode": "overlay",
              "size": 10,
              "solidity": 0.2
             }
            },
            "type": "bar"
           }
          ],
          "barpolar": [
           {
            "marker": {
             "line": {
              "color": "#E5ECF6",
              "width": 0.5
             },
             "pattern": {
              "fillmode": "overlay",
              "size": 10,
              "solidity": 0.2
             }
            },
            "type": "barpolar"
           }
          ],
          "carpet": [
           {
            "aaxis": {
             "endlinecolor": "#2a3f5f",
             "gridcolor": "white",
             "linecolor": "white",
             "minorgridcolor": "white",
             "startlinecolor": "#2a3f5f"
            },
            "baxis": {
             "endlinecolor": "#2a3f5f",
             "gridcolor": "white",
             "linecolor": "white",
             "minorgridcolor": "white",
             "startlinecolor": "#2a3f5f"
            },
            "type": "carpet"
           }
          ],
          "choropleth": [
           {
            "colorbar": {
             "outlinewidth": 0,
             "ticks": ""
            },
            "type": "choropleth"
           }
          ],
          "contour": [
           {
            "colorbar": {
             "outlinewidth": 0,
             "ticks": ""
            },
            "colorscale": [
             [
              0,
              "#0d0887"
             ],
             [
              0.1111111111111111,
              "#46039f"
             ],
             [
              0.2222222222222222,
              "#7201a8"
             ],
             [
              0.3333333333333333,
              "#9c179e"
             ],
             [
              0.4444444444444444,
              "#bd3786"
             ],
             [
              0.5555555555555556,
              "#d8576b"
             ],
             [
              0.6666666666666666,
              "#ed7953"
             ],
             [
              0.7777777777777778,
              "#fb9f3a"
             ],
             [
              0.8888888888888888,
              "#fdca26"
             ],
             [
              1,
              "#f0f921"
             ]
            ],
            "type": "contour"
           }
          ],
          "contourcarpet": [
           {
            "colorbar": {
             "outlinewidth": 0,
             "ticks": ""
            },
            "type": "contourcarpet"
           }
          ],
          "heatmap": [
           {
            "colorbar": {
             "outlinewidth": 0,
             "ticks": ""
            },
            "colorscale": [
             [
              0,
              "#0d0887"
             ],
             [
              0.1111111111111111,
              "#46039f"
             ],
             [
              0.2222222222222222,
              "#7201a8"
             ],
             [
              0.3333333333333333,
              "#9c179e"
             ],
             [
              0.4444444444444444,
              "#bd3786"
             ],
             [
              0.5555555555555556,
              "#d8576b"
             ],
             [
              0.6666666666666666,
              "#ed7953"
             ],
             [
              0.7777777777777778,
              "#fb9f3a"
             ],
             [
              0.8888888888888888,
              "#fdca26"
             ],
             [
              1,
              "#f0f921"
             ]
            ],
            "type": "heatmap"
           }
          ],
          "heatmapgl": [
           {
            "colorbar": {
             "outlinewidth": 0,
             "ticks": ""
            },
            "colorscale": [
             [
              0,
              "#0d0887"
             ],
             [
              0.1111111111111111,
              "#46039f"
             ],
             [
              0.2222222222222222,
              "#7201a8"
             ],
             [
              0.3333333333333333,
              "#9c179e"
             ],
             [
              0.4444444444444444,
              "#bd3786"
             ],
             [
              0.5555555555555556,
              "#d8576b"
             ],
             [
              0.6666666666666666,
              "#ed7953"
             ],
             [
              0.7777777777777778,
              "#fb9f3a"
             ],
             [
              0.8888888888888888,
              "#fdca26"
             ],
             [
              1,
              "#f0f921"
             ]
            ],
            "type": "heatmapgl"
           }
          ],
          "histogram": [
           {
            "marker": {
             "pattern": {
              "fillmode": "overlay",
              "size": 10,
              "solidity": 0.2
             }
            },
            "type": "histogram"
           }
          ],
          "histogram2d": [
           {
            "colorbar": {
             "outlinewidth": 0,
             "ticks": ""
            },
            "colorscale": [
             [
              0,
              "#0d0887"
             ],
             [
              0.1111111111111111,
              "#46039f"
             ],
             [
              0.2222222222222222,
              "#7201a8"
             ],
             [
              0.3333333333333333,
              "#9c179e"
             ],
             [
              0.4444444444444444,
              "#bd3786"
             ],
             [
              0.5555555555555556,
              "#d8576b"
             ],
             [
              0.6666666666666666,
              "#ed7953"
             ],
             [
              0.7777777777777778,
              "#fb9f3a"
             ],
             [
              0.8888888888888888,
              "#fdca26"
             ],
             [
              1,
              "#f0f921"
             ]
            ],
            "type": "histogram2d"
           }
          ],
          "histogram2dcontour": [
           {
            "colorbar": {
             "outlinewidth": 0,
             "ticks": ""
            },
            "colorscale": [
             [
              0,
              "#0d0887"
             ],
             [
              0.1111111111111111,
              "#46039f"
             ],
             [
              0.2222222222222222,
              "#7201a8"
             ],
             [
              0.3333333333333333,
              "#9c179e"
             ],
             [
              0.4444444444444444,
              "#bd3786"
             ],
             [
              0.5555555555555556,
              "#d8576b"
             ],
             [
              0.6666666666666666,
              "#ed7953"
             ],
             [
              0.7777777777777778,
              "#fb9f3a"
             ],
             [
              0.8888888888888888,
              "#fdca26"
             ],
             [
              1,
              "#f0f921"
             ]
            ],
            "type": "histogram2dcontour"
           }
          ],
          "mesh3d": [
           {
            "colorbar": {
             "outlinewidth": 0,
             "ticks": ""
            },
            "type": "mesh3d"
           }
          ],
          "parcoords": [
           {
            "line": {
             "colorbar": {
              "outlinewidth": 0,
              "ticks": ""
             }
            },
            "type": "parcoords"
           }
          ],
          "pie": [
           {
            "automargin": true,
            "type": "pie"
           }
          ],
          "scatter": [
           {
            "marker": {
             "colorbar": {
              "outlinewidth": 0,
              "ticks": ""
             }
            },
            "type": "scatter"
           }
          ],
          "scatter3d": [
           {
            "line": {
             "colorbar": {
              "outlinewidth": 0,
              "ticks": ""
             }
            },
            "marker": {
             "colorbar": {
              "outlinewidth": 0,
              "ticks": ""
             }
            },
            "type": "scatter3d"
           }
          ],
          "scattercarpet": [
           {
            "marker": {
             "colorbar": {
              "outlinewidth": 0,
              "ticks": ""
             }
            },
            "type": "scattercarpet"
           }
          ],
          "scattergeo": [
           {
            "marker": {
             "colorbar": {
              "outlinewidth": 0,
              "ticks": ""
             }
            },
            "type": "scattergeo"
           }
          ],
          "scattergl": [
           {
            "marker": {
             "colorbar": {
              "outlinewidth": 0,
              "ticks": ""
             }
            },
            "type": "scattergl"
           }
          ],
          "scattermapbox": [
           {
            "marker": {
             "colorbar": {
              "outlinewidth": 0,
              "ticks": ""
             }
            },
            "type": "scattermapbox"
           }
          ],
          "scatterpolar": [
           {
            "marker": {
             "colorbar": {
              "outlinewidth": 0,
              "ticks": ""
             }
            },
            "type": "scatterpolar"
           }
          ],
          "scatterpolargl": [
           {
            "marker": {
             "colorbar": {
              "outlinewidth": 0,
              "ticks": ""
             }
            },
            "type": "scatterpolargl"
           }
          ],
          "scatterternary": [
           {
            "marker": {
             "colorbar": {
              "outlinewidth": 0,
              "ticks": ""
             }
            },
            "type": "scatterternary"
           }
          ],
          "surface": [
           {
            "colorbar": {
             "outlinewidth": 0,
             "ticks": ""
            },
            "colorscale": [
             [
              0,
              "#0d0887"
             ],
             [
              0.1111111111111111,
              "#46039f"
             ],
             [
              0.2222222222222222,
              "#7201a8"
             ],
             [
              0.3333333333333333,
              "#9c179e"
             ],
             [
              0.4444444444444444,
              "#bd3786"
             ],
             [
              0.5555555555555556,
              "#d8576b"
             ],
             [
              0.6666666666666666,
              "#ed7953"
             ],
             [
              0.7777777777777778,
              "#fb9f3a"
             ],
             [
              0.8888888888888888,
              "#fdca26"
             ],
             [
              1,
              "#f0f921"
             ]
            ],
            "type": "surface"
           }
          ],
          "table": [
           {
            "cells": {
             "fill": {
              "color": "#EBF0F8"
             },
             "line": {
              "color": "white"
             }
            },
            "header": {
             "fill": {
              "color": "#C8D4E3"
             },
             "line": {
              "color": "white"
             }
            },
            "type": "table"
           }
          ]
         },
         "layout": {
          "annotationdefaults": {
           "arrowcolor": "#2a3f5f",
           "arrowhead": 0,
           "arrowwidth": 1
          },
          "autotypenumbers": "strict",
          "coloraxis": {
           "colorbar": {
            "outlinewidth": 0,
            "ticks": ""
           }
          },
          "colorscale": {
           "diverging": [
            [
             0,
             "#8e0152"
            ],
            [
             0.1,
             "#c51b7d"
            ],
            [
             0.2,
             "#de77ae"
            ],
            [
             0.3,
             "#f1b6da"
            ],
            [
             0.4,
             "#fde0ef"
            ],
            [
             0.5,
             "#f7f7f7"
            ],
            [
             0.6,
             "#e6f5d0"
            ],
            [
             0.7,
             "#b8e186"
            ],
            [
             0.8,
             "#7fbc41"
            ],
            [
             0.9,
             "#4d9221"
            ],
            [
             1,
             "#276419"
            ]
           ],
           "sequential": [
            [
             0,
             "#0d0887"
            ],
            [
             0.1111111111111111,
             "#46039f"
            ],
            [
             0.2222222222222222,
             "#7201a8"
            ],
            [
             0.3333333333333333,
             "#9c179e"
            ],
            [
             0.4444444444444444,
             "#bd3786"
            ],
            [
             0.5555555555555556,
             "#d8576b"
            ],
            [
             0.6666666666666666,
             "#ed7953"
            ],
            [
             0.7777777777777778,
             "#fb9f3a"
            ],
            [
             0.8888888888888888,
             "#fdca26"
            ],
            [
             1,
             "#f0f921"
            ]
           ],
           "sequentialminus": [
            [
             0,
             "#0d0887"
            ],
            [
             0.1111111111111111,
             "#46039f"
            ],
            [
             0.2222222222222222,
             "#7201a8"
            ],
            [
             0.3333333333333333,
             "#9c179e"
            ],
            [
             0.4444444444444444,
             "#bd3786"
            ],
            [
             0.5555555555555556,
             "#d8576b"
            ],
            [
             0.6666666666666666,
             "#ed7953"
            ],
            [
             0.7777777777777778,
             "#fb9f3a"
            ],
            [
             0.8888888888888888,
             "#fdca26"
            ],
            [
             1,
             "#f0f921"
            ]
           ]
          },
          "colorway": [
           "#636efa",
           "#EF553B",
           "#00cc96",
           "#ab63fa",
           "#FFA15A",
           "#19d3f3",
           "#FF6692",
           "#B6E880",
           "#FF97FF",
           "#FECB52"
          ],
          "font": {
           "color": "#2a3f5f"
          },
          "geo": {
           "bgcolor": "white",
           "lakecolor": "white",
           "landcolor": "#E5ECF6",
           "showlakes": true,
           "showland": true,
           "subunitcolor": "white"
          },
          "hoverlabel": {
           "align": "left"
          },
          "hovermode": "closest",
          "mapbox": {
           "style": "light"
          },
          "paper_bgcolor": "white",
